,Version,Models,Bacia,Years,Accuracy,Accuracy_Bal,Precision,ReCall,F1-Score,Jaccard
0,13,GTB,Caatinga,1985,0.4085384229030638,0.23824305909235854,0.25484717793889655,0.2117716080820965,0.2253189400155168,0.15334128483553922
1,13,GTB,Caatinga,1986,0.6150678051230537,0.3122198083086991,0.26325555124421796,0.2775287184966214,0.26469916091547074,0.1946401945219313
2,13,GTB,Caatinga,1987,0.6564540431943747,0.32971828677018167,0.2884530560803889,0.2930829215734948,0.2855172061875719,0.20980087971398753
3,13,GTB,Caatinga,1988,0.6332496233048719,0.32577928160812203,0.2768219747019158,0.28958158365166403,0.27716239170312984,0.20245971040778787
4,13,GTB,Caatinga,1989,0.6167754897036665,0.32095007248305696,0.27381740365323626,0.28528895331827286,0.27417367970673945,0.2006121094870598
5,13,GTB,Caatinga,1990,0.6265193370165746,0.30882176799368916,0.26572386838394885,0.2745082382166125,0.26705186717159335,0.19724818423492524
6,13,GTB,Caatinga,1991,0.6297338021094927,0.3143549792599125,0.27939207955461026,0.27942664823103336,0.27416717882118913,0.20143537067159445
7,13,GTB,Caatinga,1992,0.6247112004018082,0.3192701942674406,0.27937561437240654,0.28379572823772503,0.27689290204234496,0.20077866564650396
8,13,GTB,Caatinga,1993,0.6416875941737821,0.31966699902241225,0.2843896213369495,0.2841484435754775,0.2793729791627871,0.2036550481142424
9,13,GTB,Caatinga,1994,0.6176795580110497,0.3122874855329884,0.27517835363217413,0.27758887602932303,0.271898115634744,0.1975744097905892
10,13,GTB,Caatinga,1995,0.5935710698141637,0.2871920897010758,0.2683179096911727,0.2552818575120674,0.25698912585040623,0.18425810444137924
11,13,GTB,Caatinga,1996,0.5988950276243094,0.2994893851731104,0.2798903034365652,0.2662127868205426,0.26846021483629584,0.19144748624486932
12,13,GTB,Caatinga,1997,0.6126569563033651,0.3134874951978515,0.28518438342146235,0.2786555512869791,0.2763133412400943,0.2003881993173015
13,13,GTB,Caatinga,1998,0.6123556002009041,0.29188052108710794,0.2720994747098534,0.25944935207742925,0.26023370338505675,0.1881957600595477
14,13,GTB,Caatinga,1999,0.6162732295328981,0.2982675029857498,0.27197244554159483,0.2651266693206665,0.2625546467113289,0.18946942255746424
15,13,GTB,Caatinga,2000,0.6351582119537921,0.33029143525734006,0.2900668226115965,0.2935923868954134,0.2852564839481973,0.20574730676531935
16,13,GTB,Caatinga,2001,0.6440984429934706,0.3115650817080323,0.29058488239353814,0.27694673929602875,0.27804067185187464,0.2026372221365923
17,13,GTB,Caatinga,2002,0.656654947262682,0.32611662941999575,0.3003821237614417,0.2898814483733296,0.28965222364166165,0.2129159994014379
18,13,GTB,Caatinga,2003,0.628327473631341,0.2994169553930521,0.27921397965729877,0.26614840479382407,0.2663261557208726,0.19550384763506432
19,13,GTB,Caatinga,2004,0.6417880462079357,0.3454493986890508,0.284419806359734,0.30706613216804507,0.28970356800277686,0.21349538904362608
20,13,GTB,Caatinga,2005,0.6409844299347062,0.3381274401484881,0.29283782716888446,0.30055772457643387,0.2914878393040288,0.21622175741903849
21,13,GTB,Caatinga,2006,0.6381717729784028,0.3286333729213009,0.29230786433933853,0.29211855370782297,0.287168104689824,0.21242326910792483
22,13,GTB,Caatinga,2007,0.644299347061778,0.33752261061866684,0.2926728696564021,0.3000200983277039,0.2905465006899301,0.2159523943641283
23,13,GTB,Caatinga,2008,0.6373681567051733,0.340060226746864,0.30446368401539403,0.30227575710832355,0.2958943894826742,0.21815819382627674
24,13,GTB,Caatinga,2009,0.6320441988950276,0.33277892259366043,0.28387445486453394,0.2958034867499204,0.28452011564490765,0.2094676704625685
25,13,GTB,Caatinga,2010,0.6092415871421396,0.3126157008945663,0.27483590446827716,0.27788062301739225,0.27154020507199156,0.19901984839709227
26,13,GTB,Caatinga,2011,0.5965846308387744,0.3033413893426772,0.28860335993506364,0.2696367905268241,0.2735571290513777,0.20021952834083276
27,13,GTB,Caatinga,2012,0.6446007031642391,0.32031062977219504,0.2942586383299733,0.2847205597975067,0.28423921424956383,0.21040193897638076
28,13,GTB,Caatinga,2013,0.6571572074334505,0.31795378307424066,0.30210725131504046,0.2826255849548806,0.2859258534418875,0.21231537560389113
29,13,GTB,Caatinga,2014,0.6601707684580613,0.3244189621088018,0.3042304490425354,0.2883724107633794,0.2890557825252171,0.2113583774289678
30,13,GTB,Caatinga,2015,0.6609743847312908,0.3350632469949574,0.3104733613180184,0.2978339973288511,0.29525043817047,0.21541887245010127
31,13,GTB,Caatinga,2016,0.6681064791562029,0.38641617630558234,0.35314989970914856,0.33811415426738456,0.33724982004515536,0.2466637446451342
32,13,GTB,Caatinga,2017,0.6614766449020593,0.317907549864948,0.31383943109321316,0.2825844887688426,0.28893511270740213,0.2099125131877035
33,13,GTB,Caatinga,2018,0.6619789050728278,0.33209017712011407,0.31375282732656945,0.2951912685512125,0.29763759917795407,0.21945706441451648
34,13,GTB,Caatinga,2019,0.6579608237066801,0.3349048758648366,0.3108427147982874,0.29769322299096584,0.29562928632709157,0.21572952373504592
35,13,GTB,Caatinga,2020,0.6549472626820693,0.34065012196703437,0.30621786983641086,0.30280010841514177,0.2969507648416605,0.21605769899986715
36,13,GTB,Caatinga,2021,0.6512305374183828,0.3305232281891267,0.30435686400333734,0.29379842505700154,0.29221635572985566,0.21191638705447235
37,13,GTB,Caatinga,2022,0.6382722250125565,0.3460651391071533,0.31168698804303424,0.3076134569841363,0.3019648857866766,0.21871478203427197
38,13,GTB,741,1985,0.6272727272727273,0.5835249042145594,0.49913118558091846,0.5835249042145594,0.43723439650348594,0.35936080499269263
39,13,GTB,741,1986,0.6636363636363637,0.6436844505243958,0.5160526315789473,0.6436844505243958,0.49063787618004484,0.4063859649122807
40,13,GTB,741,1987,0.6818181818181818,0.5601503759398496,0.4302197802197802,0.4667919799498747,0.39952553861050594,0.3388965004656494
41,13,GTB,741,1988,0.5818181818181818,0.5340160642570281,0.47785714285714287,0.5340160642570281,0.45578353357258017,0.37839835164835167
42,13,GTB,741,1989,0.5909090909090909,0.5106827309236948,0.41156462585034015,0.36477337923121056,0.36468433527257055,0.301271645021645
43,13,GTB,741,1990,0.7090909090909091,0.4937669376693767,0.5104336043360433,0.4937669376693767,0.4601180758257886,0.38028381642512077
44,13,GTB,741,1991,0.5727272727272728,0.4856341189674523,0.3269944341372913,0.3468815135481802,0.31587147030185003,0.2671428571428572
45,13,GTB,741,1992,0.6363636363636364,0.4504402861860209,0.5286111111111111,0.4504402861860209,0.42403039832285117,0.3052082230372103
46,13,GTB,741,1993,0.7545454545454545,0.5869840396257567,0.6303535353535354,0.5869840396257567,0.520304844855743,0.3842080378250591
47,13,GTB,741,1994,0.6818181818181818,0.3243589743589744,0.4032128514056225,0.2702991452991453,0.3107213900052775,0.24091141833077315
48,13,GTB,741,1995,0.6363636363636364,0.4114641397250092,0.4640799529688418,0.4114641397250092,0.36728106198809246,0.26398291332569684
49,13,GTB,741,1996,0.6909090909090909,0.42376294591484465,0.40955659372182607,0.363225382212724,0.34346530438484457,0.2512006079027355
50,13,GTB,741,1997,0.6272727272727273,0.5111363636363636,0.3608818687526227,0.3650974025974026,0.3301375051113636,0.28087009608748736
51,13,GTB,741,1998,0.6363636363636364,0.4872727272727273,0.37673992673992673,0.34805194805194806,0.30836326741017733,0.2676836923483547
52,13,GTB,741,1999,0.6454545454545455,0.550705467372134,0.5627056277056277,0.550705467372134,0.5012522178825103,0.41369047619047616
53,13,GTB,741,2000,0.7272727272727273,0.5729276895943562,0.5455467372134039,0.5729276895943562,0.5092092241517528,0.4330952380952381
54,13,GTB,741,2001,0.6909090909090909,0.7145454545454545,0.5928888888888888,0.7145454545454545,0.5625806451612904,0.4608815628815629
55,13,GTB,741,2002,0.7454545454545455,0.5487179487179488,0.5306951871657754,0.5487179487179488,0.496430931032158,0.4302737520128824
56,13,GTB,741,2003,0.5181818181818182,0.35906493506493503,0.42428785607196406,0.35906493506493503,0.32399643021150126,0.2366598032486845
57,13,GTB,741,2004,0.6272727272727273,0.6860323886639675,0.5805555555555555,0.6860323886639675,0.5202286902286902,0.42782236490101655
58,13,GTB,741,2005,0.7181818181818181,0.5303643724696356,0.46065891472868215,0.44197031039136303,0.41714216550817856,0.3569703243616287
59,13,GTB,741,2006,0.6454545454545455,0.504251012145749,0.49426470588235294,0.504251012145749,0.44141462252917363,0.3810777406995427
60,13,GTB,741,2007,0.7090909090909091,0.5873333333333334,0.6159214203518001,0.5873333333333334,0.5317349317349318,0.3938888888888889
61,13,GTB,741,2008,0.6363636363636364,0.5540485829959515,0.5489441930618402,0.5540485829959515,0.49546821599453184,0.40872142449545235
62,13,GTB,741,2009,0.6272727272727273,0.5932467532467532,0.627948717948718,0.5932467532467532,0.5349560117302052,0.4375686813186813
63,13,GTB,741,2010,0.6090909090909091,0.5568571428571429,0.46320480928689883,0.4640476190476191,0.4205407330407331,0.34611612331875796
64,13,GTB,741,2011,0.5909090909090909,0.6464675324675324,0.6139054726368159,0.6464675324675324,0.5768711018711019,0.47284983314794216
65,13,GTB,741,2012,0.6727272727272727,0.5384415584415584,0.5187301587301587,0.5384415584415584,0.48598639455782316,0.41905344757241936
66,13,GTB,741,2013,0.7181818181818181,0.7275303643724695,0.5787347155768209,0.7275303643724695,0.5680412048833101,0.4698520084566596
67,13,GTB,741,2014,0.6545454545454545,0.3420815295815296,0.3962217107786728,0.3420815295815296,0.32539682539682535,0.24531024531024528
68,13,GTB,741,2015,0.7,0.37290969899665555,0.44157509157509156,0.37290969899665555,0.36415770609319,0.2776359096583816
69,13,GTB,741,2016,0.7090909090909091,0.39924749163879597,0.4427208835341365,0.39924749163879597,0.38650793650793647,0.2857453848833159
70,13,GTB,741,2017,0.6818181818181818,0.4565592635212888,0.43107912178956087,0.4565592635212888,0.37139601139601136,0.2790621734587252
71,13,GTB,741,2018,0.7636363636363637,0.5901785714285713,0.557936507936508,0.5901785714285713,0.4905736126722451,0.372883336470293
72,13,GTB,741,2019,0.6545454545454545,0.46259920634920637,0.41734487734487735,0.46259920634920637,0.4041447444080271,0.33874463231347285
73,13,GTB,741,2020,0.6636363636363637,0.5459325396825397,0.42970085470085473,0.5459325396825397,0.4315645910582619,0.35342924619240407
74,13,GTB,741,2021,0.6636363636363637,0.5459325396825397,0.49774410774410777,0.5459325396825397,0.4410394265232975,0.3626152832674572
75,13,GTB,741,2022,0.6818181818181818,0.5664077483697737,0.4719598140650772,0.5664077483697737,0.4531351834331967,0.3735076350885536
76,13,GTB,7421,1985,0.7261904761904762,0.4389041095890411,0.2824813895781638,0.4389041095890411,0.28042328042328046,0.21603396603396602
77,13,GTB,7421,1986,0.7261904761904762,0.27075289575289574,0.35546875,0.27075289575289574,0.3046772068511199,0.24226441631504922
78,13,GTB,7421,1987,0.7857142857142857,0.43107876712328763,0.33875,0.3448630136986301,0.3133295901179113,0.24755555555555558
79,13,GTB,7421,1988,0.7738095238095238,0.5659722222222222,0.38980625931445606,0.4527777777777778,0.3532677848467322,0.2758230958230958
80,13,GTB,7421,1989,0.7976190476190477,0.4270833333333333,0.44076086956521743,0.4270833333333333,0.4138804457953394,0.3201048951048951
81,13,GTB,7421,1990,0.6785714285714286,0.34375,0.34056603773584904,0.34375,0.32899999999999996,0.25563063063063063
82,13,GTB,7421,1991,0.8333333333333334,0.35387323943661975,0.4074446680080483,0.35387323943661975,0.3759320629660315,0.3152056277056277
83,13,GTB,7421,1992,0.75,0.4356884057971015,0.40787337662337664,0.4356884057971015,0.39166666666666666,0.297275641025641
84,13,GTB,7421,1993,0.75,0.32494343891402716,0.2953846153846154,0.25995475113122174,0.27577639751552796,0.22058823529411767
85,13,GTB,7421,1994,0.75,0.3416666666666667,0.3611111111111111,0.3416666666666667,0.351109329056402,0.28104890604890603
86,13,GTB,7421,1995,0.7738095238095238,0.33245192307692306,0.2808266360505166,0.26596153846153847,0.2723092998955068,0.22039312039312037
87,13,GTB,7421,1996,0.7619047619047619,0.47331730769230773,0.4107142857142857,0.47331730769230773,0.4076666666666666,0.3200109749405524
88,13,GTB,7421,1997,0.7261904761904762,0.2935096153846154,0.32575757575757575,0.2935096153846154,0.30633305060785976,0.2434848484848485
89,13,GTB,7421,1998,0.6428571428571429,0.2548076923076923,0.35119047619047616,0.2548076923076923,0.28695652173913044,0.21929824561403508
90,13,GTB,7421,1999,0.7261904761904762,0.8021599264705882,0.4820175438596491,0.8021599264705882,0.5319803607926774,0.38839285714285715
91,13,GTB,7421,2000,0.6428571428571429,0.47472426470588236,0.3074290060851927,0.47472426470588236,0.29754961173425365,0.22476200625177606
92,13,GTB,7421,2001,0.6428571428571429,0.3968290441176471,0.28157894736842104,0.3174632352941177,0.26670195008753,0.19458555545512066
93,13,GTB,7421,2002,0.7380952380952381,0.5599724264705882,0.42308467741935485,0.5599724264705882,0.4592352092352092,0.3488145416227608
94,13,GTB,7421,2003,0.6666666666666666,0.7394301470588235,0.4184934318555008,0.7394301470588235,0.42624156219864995,0.30515873015873013
95,13,GTB,7421,2004,0.4523809523809524,0.41613051470588236,0.32065850815850816,0.41613051470588236,0.32037037037037036,0.2210534898891063
96,13,GTB,7421,2005,0.7023809523809523,0.2736672794117647,0.3022058823529412,0.2736672794117647,0.28240740740740744,0.2220496894409938
97,13,GTB,7421,2006,0.7738095238095238,0.3187040441176471,0.36376811594202896,0.3187040441176471,0.3329156223893066,0.27075289575289574
98,13,GTB,7421,2007,0.8214285714285714,0.4856060606060606,0.3961038961038961,0.3884848484848485,0.39216300940438875,0.30952380952380953
99,13,GTB,7421,2008,0.7261904761904762,0.3406183368869936,0.3574561403508772,0.3406183368869936,0.3470430107526882,0.27752880921895007
100,13,GTB,7421,2009,0.6904761904761905,0.533315565031983,0.38422787193973634,0.533315565031983,0.36049940397766483,0.2701201201201201
101,13,GTB,7421,2010,0.8095238095238095,0.44562899786780386,0.34214285714285714,0.3565031982942431,0.32907384586216704,0.2574901960784314
102,13,GTB,7421,2011,0.7380952380952381,0.47974413646055436,0.38084795321637427,0.47974413646055436,0.39575696480938416,0.3033816425120773
103,13,GTB,7421,2012,0.7142857142857143,0.2606060606060606,0.23830409356725146,0.21717171717171715,0.2269647696476965,0.18174603174603174
104,13,GTB,7421,2013,0.7857142857142857,0.5903846153846154,0.4389099061230209,0.5903846153846154,0.45106234761407177,0.35079365079365077
105,13,GTB,7421,2014,0.6666666666666666,0.37196969696969695,0.2935672514619883,0.29757575757575755,0.24624854819976774,0.19033852236224363
106,13,GTB,7421,2015,0.6428571428571429,0.5151515151515151,0.33290909090909093,0.4121212121212121,0.3224403183023873,0.2387955182072829
107,13,GTB,7421,2016,0.7738095238095238,0.6909090909090909,0.553551912568306,0.5527272727272727,0.5124468137135032,0.4488299935358759
108,13,GTB,7421,2017,0.7142857142857143,0.5856060606060606,0.4697415329768271,0.5856060606060606,0.4279331779331779,0.3375
109,13,GTB,7421,2018,0.7738095238095238,0.6174242424242424,0.45684523809523814,0.6174242424242424,0.46105547928611806,0.3652745995423341
110,13,GTB,7421,2019,0.7142857142857143,0.5598484848484848,0.45833333333333337,0.5598484848484848,0.4083333333333333,0.3155015629440182
111,13,GTB,7421,2020,0.6666666666666666,0.47974413646055436,0.496448087431694,0.47974413646055436,0.3244485294117647,0.24010025062656642
112,13,GTB,7421,2021,0.6904761904761905,0.6122068230277186,0.414131169709263,0.6122068230277186,0.41731578947368414,0.31514084507042256
113,13,GTB,7421,2022,0.7142857142857143,0.41577825159914716,0.3576228878648234,0.41577825159914716,0.36101172729079706,0.2707738095238095
114,13,GTB,7422,1985,0.7112299465240641,0.44866666666666666,0.4769896083133493,0.44866666666666666,0.44577269097684324,0.34464285714285714
115,13,GTB,7422,1986,0.6737967914438503,0.5413888888888889,0.4303760683760684,0.4511574074074074,0.41673482032218095,0.34943910256410254
116,13,GTB,7422,1987,0.6844919786096256,0.3233196431725844,0.22292859699355763,0.24248973237943827,0.23041402296602473,0.1673995584218042
117,13,GTB,7422,1988,0.6684491978609626,0.5464331560608838,0.5352613240418119,0.5464331560608838,0.508045895989975,0.38050061459380935
118,13,GTB,7422,1989,0.6470588235294118,0.4666361024512501,0.35432749069112707,0.3333115017508929,0.32514700368336313,0.24892201394664445
119,13,GTB,7422,1990,0.6363636363636364,0.3621212121212121,0.4050034506556246,0.30176767676767674,0.32314439946018897,0.23003433897473632
120,13,GTB,7422,1991,0.6203208556149733,0.47489177489177486,0.3217344249952946,0.33920841063698204,0.3248093176664605,0.2737086760783079
121,13,GTB,7422,1992,0.6203208556149733,0.3734041743805635,0.35167434715821816,0.2667172674146882,0.2837211003804507,0.20934757066832538
122,13,GTB,7422,1993,0.6631016042780749,0.5003596403596403,0.3849559796928218,0.35739974311402883,0.34456163339346907,0.25047396369977015
123,13,GTB,7422,1994,0.6310160427807486,0.34795865633074935,0.37174863387978146,0.2899655469422911,0.3166468628410335,0.236361759849021
124,13,GTB,7422,1995,0.6737967914438503,0.3439016145709059,0.2978571428571428,0.2579262109281794,0.2670254252012587,0.2062033849684452
125,13,GTB,7422,1996,0.6417112299465241,0.4723125641903458,0.3683441558441558,0.4048393407345821,0.36648250150195677,0.29961212815664534
126,13,GTB,7422,1997,0.6042780748663101,0.5091185410334347,0.3163238788238788,0.381838905775076,0.32547611454551406,0.26358418367346936
127,13,GTB,7422,1998,0.5401069518716578,0.4036737588652482,0.2668834093834094,0.34600607902735564,0.27633844498251275,0.19681733608024746
128,13,GTB,7422,1999,0.6363636363636364,0.4904170888213441,0.47093048931284226,0.4904170888213441,0.4270979840600093,0.30763888888888885
129,13,GTB,7422,2000,0.6096256684491979,0.4156253517955646,0.34579424990335117,0.35625030153905535,0.3309761809561889,0.2793734335839599
130,13,GTB,7422,2001,0.6470588235294118,0.3406388060188128,0.36133429749852697,0.2919761194446967,0.3066801657767261,0.22516869095816464
131,13,GTB,7422,2002,0.5561497326203209,0.3104540123973865,0.36247611247611244,0.2587116769978221,0.2960927960927961,0.2170218163368848
132,13,GTB,7422,2003,0.5508021390374331,0.4059210683770912,0.3795732586595822,0.3382675569809093,0.315542328042328,0.22826214024995375
133,13,GTB,7422,2004,0.5187165775401069,0.32772244897959185,0.38858780108780105,0.27310204081632655,0.3060649918029423,0.22000974302764584
134,13,GTB,7422,2005,0.6417112299465241,0.4861142857142857,0.5078316781257958,0.4861142857142857,0.4732422878895526,0.35576971841368127
135,13,GTB,7422,2006,0.6042780748663101,0.3751612903225806,0.41516305800588077,0.3126344086021505,0.32987547100450326,0.22871765601217653
136,13,GTB,7422,2007,0.5561497326203209,0.5498693877551021,0.445890807873537,0.4582244897959184,0.41770607908715335,0.30870214172660426
137,13,GTB,7422,2008,0.5294117647058824,0.40925442176870747,0.3967889087656529,0.3410453514739229,0.3140611341154819,0.2101069371759027
138,13,GTB,7422,2009,0.5828877005347594,0.5561061224489796,0.41883444242790885,0.46342176870748303,0.42660750165400324,0.3500859185614778
139,13,GTB,7422,2010,0.5828877005347594,0.3765873015873016,0.3435925231454354,0.26899092970521543,0.29059672291513816,0.2106708484259505
140,13,GTB,7422,2011,0.6310160427807486,0.4409743788819876,0.4346230158730158,0.367478649068323,0.37749848717590656,0.2706342505104115
141,13,GTB,7422,2012,0.6684491978609626,0.4286324786324786,0.28651062391592697,0.28575498575498576,0.2751219269147556,0.2015230355747597
142,13,GTB,7422,2013,0.5935828877005348,0.4622863247863248,0.3437609037609038,0.36982905982905984,0.3391867376559245,0.23740689121176928
143,13,GTB,7422,2014,0.5935828877005348,0.30255075673680326,0.3082386363636364,0.2521256306140027,0.2659307975383995,0.18786960585187798
144,13,GTB,7422,2015,0.5828877005347594,0.36405670711156046,0.31469164118246684,0.29124536568924836,0.29097843333137446,0.20633647226124205
145,13,GTB,7422,2016,0.6203208556149733,0.5741860465116279,0.45470110087045573,0.47848837209302325,0.4531321298956154,0.3696911196911197
146,13,GTB,7422,2017,0.6470588235294118,0.5680902777777778,0.4390620809868597,0.4734085648148148,0.4426829929758902,0.3632674882674883
147,13,GTB,7422,2018,0.6577540106951871,0.4804861111111111,0.4436704709431982,0.4004050925925926,0.41112049931327044,0.32288103565343274
148,13,GTB,7422,2019,0.5882352941176471,0.4810416666666667,0.435707502374169,0.40086805555555555,0.3924742175589633,0.2994575910059386
149,13,GTB,7422,2020,0.5989304812834224,0.4866102889358704,0.4359359359359359,0.40550857411322533,0.3974206349206349,0.3058522467609209
150,13,GTB,7422,2021,0.6844919786096256,0.6226769354676331,0.4791975651958967,0.5188974462230277,0.4789218434610277,0.3912301587301587
151,13,GTB,7422,2022,0.6417112299465241,0.41629668780831575,0.5076884801634902,0.41629668780831575,0.4418617135279896,0.3205124875124875
152,13,GTB,744,1985,0.4775510204081633,0.18343986006231625,0.19796597633136093,0.16050987755452673,0.16470872110439005,0.1104694710736144
153,13,GTB,744,1986,0.726530612244898,0.2946593081584761,0.26938635568859065,0.2946593081584761,0.27559043548651935,0.20685090965367903
154,13,GTB,744,1987,0.7605442176870748,0.44088454376431147,0.38475679527639217,0.44088454376431147,0.397598690905302,0.2916244556597133
155,13,GTB,744,1988,0.746938775510204,0.3794695617581108,0.359541342495888,0.3794695617581108,0.3650481785918464,0.26622241155469
156,13,GTB,744,1989,0.7319727891156462,0.33106016893924756,0.24968113458975827,0.2837658590907836,0.2557670620432352,0.18908897640408892
157,13,GTB,744,1990,0.7034013605442176,0.409462167995933,0.3720797614516889,0.409462167995933,0.3750804144707181,0.2702037181915859
158,13,GTB,744,1991,0.7891156462585034,0.4426532347861157,0.40154806236560964,0.4426532347861157,0.4109826003770806,0.30769657965773695
159,13,GTB,744,1992,0.7170068027210884,0.26916987600104075,0.271491326759836,0.26916987600104075,0.2662876620182123,0.20116180806281236
160,13,GTB,744,1993,0.7401360544217687,0.3356976629035453,0.31596936381812557,0.3356976629035453,0.2994554944529105,0.22791824400359514
161,13,GTB,744,1994,0.6707482993197279,0.3935881250308104,0.2898225707127962,0.3935881250308104,0.31067836158705076,0.2179192997898057
162,13,GTB,744,1995,0.708843537414966,0.2557560579860979,0.203404948496391,0.2237865507378357,0.2055569654359977,0.15320485842029122
163,13,GTB,744,1996,0.7306122448979592,0.3561954322120681,0.2998491687075502,0.3561954322120681,0.30480642068450875,0.22537705520788598
164,13,GTB,744,1997,0.7551020408163265,0.30954561085200294,0.2895650109418226,0.30954561085200294,0.29254842826322086,0.2217283712078094
165,13,GTB,744,1998,0.6884353741496598,0.2898724294153978,0.2524576129776475,0.2898724294153978,0.2522244467302559,0.18360565350445324
166,13,GTB,744,1999,0.7047619047619048,0.3181178877381409,0.2819371437647045,0.3181178877381409,0.2835999784529197,0.20601124529427606
167,13,GTB,744,2000,0.7210884353741497,0.27691529445227536,0.2656252417616054,0.27691529445227536,0.26033328815458723,0.19912872892205702
168,13,GTB,744,2001,0.7428571428571429,0.2663776774288904,0.2684033272528848,0.2663776774288904,0.2589063924690111,0.20116744058808408
169,13,GTB,744,2002,0.7619047619047619,0.3341277376982988,0.31226793774503697,0.3341277376982988,0.3034567781011353,0.2331944497581996
170,13,GTB,744,2003,0.7074829931972789,0.351541908390713,0.4421262000473794,0.351541908390713,0.3677924158384438,0.2754868233342232
171,13,GTB,744,2004,0.6829931972789116,0.25614368592993125,0.2594166072426942,0.25614368592993125,0.23983321844788427,0.18447681522394166
172,13,GTB,744,2005,0.7061224489795919,0.33679498099983274,0.3131887162540193,0.33679498099983274,0.3039255682740654,0.22442765901967734
173,13,GTB,744,2006,0.726530612244898,0.41127874820597193,0.3031821781821782,0.41127874820597193,0.32150150411782485,0.23208285217497918
174,13,GTB,744,2007,0.7197278911564626,0.3075214545802781,0.27918039573372017,0.3075214545802781,0.2729820824625863,0.205238579171506
175,13,GTB,744,2008,0.7020408163265306,0.3379337278419847,0.2749598878660761,0.3379337278419847,0.28302991864048943,0.20682212589162954
176,13,GTB,744,2009,0.691156462585034,0.3312778569955249,0.28276042191483175,0.3312778569955249,0.2851438099313072,0.20847491583925692
177,13,GTB,744,2010,0.7591836734693878,0.3257775296618149,0.2941339521761435,0.3257775296618149,0.30002987368703166,0.22935188644684643
178,13,GTB,744,2011,0.6598639455782312,0.2423929624297271,0.21576499958310652,0.20776539636833752,0.1923090660604829,0.14290703058342752
179,13,GTB,744,2012,0.7319727891156462,0.3471654245921781,0.3258502917378121,0.3471654245921781,0.3097043875735363,0.22952147152629118
180,13,GTB,744,2013,0.6965986394557823,0.273780794030868,0.2935605553323512,0.273780794030868,0.25392771503985473,0.19215700755458306
181,13,GTB,744,2014,0.7224489795918367,0.33168506330271036,0.29908060489957045,0.33168506330271036,0.28406856931509356,0.21206439072739547
182,13,GTB,744,2015,0.7319727891156462,0.35309733325797654,0.3082673405115222,0.35309733325797654,0.2970824589984334,0.21893011272668758
183,13,GTB,744,2016,0.7306122448979592,0.3505000207942109,0.30491521345648026,0.3505000207942109,0.293397096028675,0.2194351618207582
184,13,GTB,744,2017,0.7020408163265306,0.39305204826038165,0.3252356126549675,0.39305204826038165,0.32398198397500405,0.2316816589846784
185,13,GTB,744,2018,0.7578231292517007,0.40071491207958815,0.34430493206565155,0.40071491207958815,0.3448011683305801,0.2541843025395657
186,13,GTB,744,2019,0.7197278911564626,0.3044300470771059,0.2737234450999754,0.3044300470771059,0.2647424719694174,0.200323740016775
187,13,GTB,744,2020,0.7074829931972789,0.3058497874674345,0.2749870677918801,0.3058497874674345,0.2613694418491939,0.19544090216973853
188,13,GTB,744,2021,0.7278911564625851,0.33232408541906383,0.2927741458136595,0.33232408541906383,0.2869640825956046,0.21281230416286953
189,13,GTB,744,2022,0.7319727891156462,0.2997560945699384,0.27625133032706845,0.2997560945699384,0.26904008125172174,0.20363857876842484
190,13,GTB,745,1985,0.5211267605633803,0.4656084656084656,0.2922619047619048,0.31040564373897706,0.2680842193037315,0.191017316017316
191,13,GTB,745,1986,0.4788732394366197,0.4614124737945493,0.30918114143920594,0.36912997903563943,0.29472573839662447,0.20576441102756893
192,13,GTB,745,1987,0.5211267605633803,0.47649572649572647,0.33582375478927207,0.3811965811965812,0.3180102154119476,0.22477272727272726
193,13,GTB,745,1988,0.5915492957746479,0.4838235294117647,0.3829594017094017,0.3870588235294118,0.35569888576863845,0.26545338441890165
194,13,GTB,745,1989,0.5915492957746479,0.5240196078431373,0.4463744141163496,0.5240196078431373,0.4436196535878403,0.3334415584415584
195,13,GTB,745,1990,0.5352112676056338,0.48153594771241826,0.3357142857142857,0.3852287581699346,0.3255730413958262,0.23852272727272722
196,13,GTB,745,1991,0.5915492957746479,0.47838383838383836,0.33939393939393936,0.38270707070707066,0.3403988161081049,0.2564478114478114
197,13,GTB,745,1992,0.49295774647887325,0.4591666666666666,0.3873015873015873,0.4591666666666666,0.36915715863084286,0.2517361111111111
198,13,GTB,745,1993,0.5070422535211268,0.50625,0.3315743338008415,0.40499999999999997,0.3099553414621908,0.21395854021847072
199,13,GTB,745,1994,0.4647887323943662,0.3966666666666666,0.3746794871794872,0.3966666666666666,0.34724696356275303,0.2391640866873065
200,13,GTB,745,1995,0.49295774647887325,0.41708333333333336,0.3475095785440613,0.33366666666666667,0.3024206084832334,0.21244588744588744
201,13,GTB,745,1996,0.4507042253521127,0.39666666666666667,0.30732758620689654,0.31733333333333336,0.2663291139240506,0.17437457741717374
202,13,GTB,745,1997,0.5070422535211268,0.42208333333333337,0.3243097643097643,0.33766666666666667,0.29888198757763973,0.20654761904761906
203,13,GTB,745,1998,0.4647887323943662,0.4175,0.36088709677419356,0.4175,0.33653846153846156,0.22089314194577353
204,13,GTB,745,1999,0.5211267605633803,0.39086538461538456,0.2816666666666666,0.31269230769230766,0.27123563218390806,0.18195229127432516
205,13,GTB,745,2000,0.39436619718309857,0.36778846153846156,0.2652121212121212,0.29423076923076924,0.2375250765494668,0.15129472693032014
206,13,GTB,745,2001,0.4225352112676056,0.31682692307692306,0.23225108225108224,0.25346153846153846,0.21084967320261438,0.13311827956989247
207,13,GTB,745,2002,0.5211267605633803,0.4375,0.30694444444444446,0.35,0.2923809523809524,0.19770114942528733
208,13,GTB,745,2003,0.5492957746478874,0.4467592592592593,0.4017241379310345,0.4467592592592593,0.37733576272902114,0.2601295210166178
209,13,GTB,745,2004,0.5774647887323944,0.4757305194805195,0.38506493506493505,0.4757305194805195,0.38686868686868686,0.27215263550009317
210,13,GTB,745,2005,0.49295774647887325,0.3549512987012987,0.24973544973544975,0.28396103896103897,0.23736263736263735,0.15555555555555553
211,13,GTB,745,2006,0.5070422535211268,0.47970779220779225,0.3315904139433551,0.3837662337662338,0.3040940766550523,0.21196172248803827
212,13,GTB,745,2007,0.43661971830985913,0.3367694805194805,0.23376591274255346,0.26941558441558444,0.21568196103079823,0.13724078341013826
213,13,GTB,745,2008,0.5492957746478874,0.46663961038961044,0.3364718614718615,0.37331168831168837,0.32070707070707066,0.23056314926189173
214,13,GTB,745,2009,0.5070422535211268,0.40625,0.268006993006993,0.325,0.25668449197860965,0.17067323481116586
215,13,GTB,745,2010,0.6197183098591549,0.35584415584415585,0.30204081632653057,0.2846753246753247,0.29285714285714287,0.2311111111111111
216,13,GTB,745,2011,0.4084507042253521,0.3588474025974026,0.3005050505050505,0.3588474025974026,0.27235772357723576,0.17078779599271404
217,13,GTB,745,2012,0.6056338028169014,0.3379058441558441,0.32536764705882354,0.3379058441558441,0.3213890963405527,0.22569930069930072
218,13,GTB,745,2013,0.5774647887323944,0.4560185185185185,0.3356837606837607,0.3648148148148148,0.3216013071895425,0.23047659529249245
219,13,GTB,745,2014,0.5352112676056338,0.3775162337662338,0.32049122807017544,0.302012987012987,0.29277389277389276,0.20888888888888885
220,13,GTB,745,2015,0.6197183098591549,0.5472402597402597,0.379010989010989,0.43779220779220773,0.3728104575163399,0.28653530377668307
221,13,GTB,745,2016,0.5211267605633803,0.4575487012987013,0.3676747311827957,0.36603896103896105,0.3292661361626879,0.24441176470588238
222,13,GTB,745,2017,0.5211267605633803,0.4219155844155844,0.353415559772296,0.3375324675324675,0.2964720672585841,0.20316691505216095
223,13,GTB,745,2018,0.3380281690140845,0.28271103896103894,0.274251012145749,0.22616883116883116,0.214975845410628,0.13776301218161682
224,13,GTB,745,2019,0.6056338028169014,0.4536525974025974,0.34500000000000003,0.3629220779220779,0.3287348178137652,0.23740133576199146
225,13,GTB,745,2020,0.4788732394366197,0.3815746753246753,0.30882575757575753,0.30525974025974023,0.2681818181818182,0.1791090629800307
226,13,GTB,745,2021,0.5352112676056338,0.373051948051948,0.30974358974358973,0.2984415584415584,0.27897371714643304,0.19174603174603172
227,13,GTB,745,2022,0.4788732394366197,0.4127435064935065,0.3258736559139785,0.3301948051948052,0.289355992844365,0.19942753057507154
228,13,GTB,746,1985,0.6951871657754011,0.3368055555555556,0.28658285492817864,0.2993827160493827,0.29207928610913686,0.24338025808614047
229,13,GTB,746,1986,0.7112299465240641,0.40604575163398693,0.37601127407484736,0.40604575163398693,0.3879414031559942,0.32377881150887283
230,13,GTB,746,1987,0.7165775401069518,0.4333204109323513,0.39158487822609966,0.4333204109323513,0.4075046804668517,0.34137216958649824
231,13,GTB,746,1988,0.6737967914438503,0.389028881566195,0.2884795650543682,0.389028881566195,0.3202361404331847,0.2359855334538879
232,13,GTB,746,1989,0.6951871657754011,0.37572260926080064,0.3620927670800259,0.37572260926080064,0.3682716288686438,0.3088252463456779
233,13,GTB,746,1990,0.6898395721925134,0.42328510351509024,0.381371547335237,0.42328510351509024,0.39768197427183605,0.3304710127575933
234,13,GTB,746,1991,0.7112299465240641,0.43528464017185825,0.3861607142857143,0.43528464017185825,0.40175150519978103,0.33579109062980034
235,13,GTB,746,1992,0.7433155080213903,0.41091751385869035,0.3949579831932773,0.41091751385869035,0.40227145927851327,0.3396652750461034
236,13,GTB,746,1993,0.6951871657754011,0.3793570059602788,0.36493211445880885,0.3793570059602788,0.36900243968555163,0.30899810066476735
237,13,GTB,746,1994,0.6737967914438503,0.39739672092613265,0.3693526956684851,0.39739672092613265,0.380975739935798,0.315487012987013
238,13,GTB,746,1995,0.6951871657754011,0.3887397064088794,0.37018575078276567,0.3887397064088794,0.37867739102111625,0.3158339345839346
239,13,GTB,746,1996,0.7005347593582888,0.38870962224781364,0.3759374679968848,0.38870962224781364,0.3816858796634078,0.31860827664399094
240,13,GTB,746,1997,0.7112299465240641,0.3899819086386251,0.3725096375643821,0.3899819086386251,0.38016850483903725,0.31873447204968947
241,13,GTB,746,1998,0.732620320855615,0.4310751437617109,0.41369835511418024,0.4310751437617109,0.42166083916083913,0.3581346612719162
242,13,GTB,746,1999,0.6684491978609626,0.34451121018285197,0.3447619047619047,0.34451121018285197,0.3418172854792573,0.2866991451420167
243,13,GTB,746,2000,0.6844919786096256,0.38773256818369595,0.37408917116946316,0.38773256818369595,0.38051948051948054,0.3174603174603175
244,13,GTB,746,2001,0.7165775401069518,0.4084124830393487,0.37987012987012986,0.4084124830393487,0.39161257180217623,0.32817267034202213
245,13,GTB,746,2002,0.7165775401069518,0.4094624281191445,0.3842871797184114,0.4094624281191445,0.3930943345079968,0.3286080852322427
246,13,GTB,746,2003,0.679144385026738,0.3574820701686373,0.34454433497536946,0.3574820701686373,0.34900582405746877,0.294016313702013
247,13,GTB,746,2004,0.732620320855615,0.40375914812005037,0.39769040483326196,0.40375914812005037,0.4006469720755435,0.3361698250728863
248,13,GTB,746,2005,0.6577540106951871,0.3706699785177228,0.34537414965986396,0.3706699785177228,0.35118430536220296,0.2935452489179318
249,13,GTB,746,2006,0.7593582887700535,0.4441094619666048,0.41320586088995664,0.4441094619666048,0.4266537049580009,0.3615421532554791
250,13,GTB,746,2007,0.679144385026738,0.3365230825154489,0.3513217367483906,0.3365230825154489,0.33923933209647494,0.2866863905325444
251,13,GTB,746,2008,0.679144385026738,0.3904989094874591,0.3691334706959707,0.3904989094874591,0.3786573424400386,0.31444076715153857
252,13,GTB,746,2009,0.6898395721925134,0.3977371864776445,0.3722976271848452,0.3977371864776445,0.38237336624433393,0.3189020924825626
253,13,GTB,746,2010,0.6898395721925134,0.4027989821882952,0.3771619684663162,0.4027989821882952,0.38718923746146977,0.3216998191681736
254,13,GTB,746,2011,0.5935828877005348,0.2662087912087912,0.33052001895285477,0.2662087912087912,0.28631907308377896,0.20507587650444795
255,13,GTB,746,2012,0.7433155080213903,0.38544764059469944,0.41493155966840173,0.38544764059469944,0.3950259027737952,0.33264093629947283
256,13,GTB,746,2013,0.6951871657754011,0.4492525856496445,0.5401096748922836,0.4492525856496445,0.4777715974990472,0.38972690525485554
257,13,GTB,746,2014,0.7219251336898396,0.40283545588778147,0.4045158821278224,0.40283545588778147,0.4011595637852628,0.33626078222852424
258,13,GTB,746,2015,0.7165775401069518,0.24967700258397935,0.2504039493090588,0.24967700258397935,0.24751319292018864,0.18606154017566992
259,13,GTB,746,2016,0.6898395721925134,0.39109492481203006,0.38264322178105503,0.39109492481203006,0.38495152871659827,0.3213869601401121
260,13,GTB,746,2017,0.679144385026738,0.4513040413533834,0.5180868292379084,0.4513040413533834,0.47116160797012696,0.38401715680818066
261,13,GTB,746,2018,0.7005347593582888,0.385306524184477,0.39075158418224115,0.385306524184477,0.3851540616246499,0.3218726140245128
262,13,GTB,746,2019,0.7112299465240641,0.25118110236220476,0.2749378281293175,0.25118110236220476,0.25796293258979824,0.19219979096759995
263,13,GTB,746,2020,0.7219251336898396,0.4078599550056242,0.4144357743097239,0.4078599550056242,0.40932676572132737,0.3427711744038274
264,13,GTB,746,2021,0.7058823529411765,0.4138428008998875,0.4163852407754847,0.4138428008998875,0.4122501193857427,0.34427376685441197
265,13,GTB,746,2022,0.7005347593582888,0.3933422384701912,0.4299061678301144,0.3933422384701912,0.40362840521759724,0.3371503496503497
266,13,GTB,751,1985,0.2777777777777778,0.21166666666666667,0.3062203228869895,0.18814814814814812,0.18613734962584066,0.12076974335038854
267,13,GTB,751,1986,0.3547008547008547,0.2298466489526963,0.24172582352574878,0.20111581783360927,0.1873055995841429,0.12076398809355762
268,13,GTB,751,1987,0.5726495726495726,0.29485131432984196,0.286137012590762,0.2579949000386117,0.24069339887807314,0.16089983700277818
269,13,GTB,751,1988,0.49572649572649574,0.2852008524928959,0.2799828345640627,0.2495507459312839,0.22428648479180394,0.1442444990636704
270,13,GTB,751,1989,0.4700854700854701,0.2929229756418697,0.32794283253842077,0.25630760368663597,0.24005430509436365,0.15349841734352604
271,13,GTB,751,1990,0.42735042735042733,0.16375559232702092,0.16674772133632892,0.1432861432861433,0.12991487455197132,0.08498782145689363
272,13,GTB,751,1991,0.3547008547008547,0.17751269198637618,0.16466346153846154,0.15532360548807916,0.12920601805393375,0.07882425643471412
273,13,GTB,751,1992,0.41025641025641024,0.21481118849539899,0.1955597034544403,0.18795978993347412,0.1575249898000816,0.09946670976082742
274,13,GTB,751,1993,0.4829059829059829,0.23913187440145078,0.30644707893517953,0.20924039010126944,0.2043153695345824,0.13231431966726087
275,13,GTB,751,1994,0.38461538461538464,0.1490357386973928,0.15208226932243785,0.1304062713602187,0.1198329879308866,0.0762306598471647
276,13,GTB,751,1995,0.21794871794871795,0.10106209150326798,0.1833381621517215,0.0898329702251271,0.099158739363745,0.058183983777379024
277,13,GTB,751,1996,0.13247863247863248,0.06842320261437909,0.1958098651647039,0.06082062454611475,0.08213575166748131,0.04621287954621288
278,13,GTB,751,1997,0.2863247863247863,0.14327816146701594,0.24983007351921208,0.1273583657484586,0.11550795084670422,0.06979211879544106
279,13,GTB,751,1998,0.34615384615384615,0.11859635892143633,0.265266788395212,0.10541898570794339,0.11611730845990628,0.07384375480815066
280,13,GTB,751,1999,0.3888888888888889,0.16208844367706599,0.1330257571853755,0.14407861660183643,0.11305188663679229,0.07185905585219086
281,13,GTB,751,2000,0.4444444444444444,0.1896952110968478,0.19889484743445032,0.16861796541942028,0.15693972811228316,0.10105081506047149
282,13,GTB,751,2001,0.44017094017094016,0.22257743212888736,0.24790677862967017,0.19784660633678874,0.18675104965703937,0.11788819669644043
283,13,GTB,751,2002,0.4230769230769231,0.21459243741646766,0.22769872396531687,0.1877683827394092,0.165883607884115,0.10373895530145531
284,13,GTB,751,2003,0.3547008547008547,0.1637208230958231,0.15711776208942363,0.1455296205296205,0.1182874576550823,0.07303566117875541
285,13,GTB,751,2004,0.47435897435897434,0.2678814527597817,0.21306588494088494,0.234396271164809,0.1899197550499513,0.12355472677372897
286,13,GTB,751,2005,0.48717948717948717,0.2220926465824425,0.19471060772667786,0.19433106575963718,0.17439995803517122,0.11470845353614827
287,13,GTB,751,2006,0.3888888888888889,0.22612568837058636,0.24499170351974092,0.19785997732426305,0.1729978255587773,0.10539828109921569
288,13,GTB,751,2007,0.4358974358974359,0.24853377154236603,0.3022117434832952,0.21746705009957026,0.21696828452093397,0.14115265886190226
289,13,GTB,751,2008,0.4358974358974359,0.23228458049886622,0.19346545465731513,0.20324900793650794,0.16893910637038728,0.10788731378736979
290,13,GTB,751,2009,0.43162393162393164,0.2517953990106681,0.20334713595583162,0.22032097413433457,0.17649949650883406,0.11237912022743879
291,13,GTB,751,2010,0.3333333333333333,0.22442496247325222,0.19781208547819845,0.19637184216409567,0.162565491783758,0.09670855996818364
292,13,GTB,751,2011,0.3803418803418803,0.15037397001053943,0.15118432154484163,0.1336657511204795,0.1324389404884761,0.08411896745230078
293,13,GTB,751,2012,0.4230769230769231,0.2762654012654012,0.3047155017921147,0.2417322261072261,0.2258693732496957,0.14523317052099946
294,13,GTB,751,2013,0.5128205128205128,0.23266019694591122,0.1936514707056194,0.20357767232767232,0.18391115105572167,0.12367358783689429
295,13,GTB,751,2014,0.5085470085470085,0.24185083623859135,0.18724233283056813,0.21161948170876743,0.1824299570530703,0.12285131795524137
296,13,GTB,751,2015,0.41452991452991456,0.264197429474808,0.31702040893744543,0.23117275079045702,0.22344575596209584,0.14041531385281386
297,13,GTB,751,2016,0.47435897435897434,0.3171824190669175,0.38596079846079845,0.27753461668355284,0.2769126217060812,0.1758301842807538
298,13,GTB,751,2017,0.4444444444444444,0.29552154195011343,0.3648027734056424,0.25858134920634923,0.2508243914702916,0.15725539071463826
299,13,GTB,751,2018,0.43162393162393164,0.26370016091543,0.29753417982755553,0.23073764080100126,0.20530955333586914,0.1306607484150662
300,13,GTB,751,2019,0.41452991452991456,0.2706349206349206,0.23557194616977228,0.23680555555555555,0.1984858168875764,0.12409851744545332
301,13,GTB,751,2020,0.4230769230769231,0.2563492063492064,0.3260306944517471,0.2563492063492064,0.23068472304925505,0.14514764929511473
302,13,GTB,751,2021,0.4700854700854701,0.2448071102050902,0.29511401645547986,0.2176063201823024,0.21025115889515375,0.13676407315714115
303,13,GTB,751,2022,0.3504273504273504,0.20797685081226736,0.2615413488774075,0.18486831183312655,0.1647553561620182,0.10202393651307774
304,13,GTB,752,1985,0.44,0.12698412698412698,0.2239457831325301,0.1111111111111111,0.14697398783301865,0.09861541107671139
305,13,GTB,752,1986,0.6514285714285715,0.30839002267573695,0.27754060647233203,0.2698412698412698,0.25297277349516156,0.2014862150731716
306,13,GTB,752,1987,0.7257142857142858,0.2756027427560274,0.27684443216358107,0.2756027427560274,0.27211662951642396,0.20278427771689225
307,13,GTB,752,1988,0.6914285714285714,0.21295309168443494,0.28181357649442756,0.21295309168443494,0.23523809523809522,0.18610435430499855
308,13,GTB,752,1989,0.64,0.34553872053872053,0.34076886568580916,0.29617604617604615,0.30279356658667006,0.23210822790654723
309,13,GTB,752,1990,0.5885714285714285,0.1757195185766614,0.24968030690537082,0.15375457875457876,0.18050141743444365,0.13343079235357663
310,13,GTB,752,1991,0.6571428571428571,0.30826873385012915,0.37138487208008897,0.30826873385012915,0.33419977222482755,0.2644099166355605
311,13,GTB,752,1992,0.6971428571428572,0.287732414874552,0.3526077097505669,0.287732414874552,0.3089591567852437,0.2512279810298103
312,13,GTB,752,1993,0.68,0.29569504569504573,0.3733441470667748,0.29569504569504573,0.3237704714331867,0.26008423101446354
313,13,GTB,752,1994,0.6971428571428572,0.33624551971326166,0.5405425659472421,0.33624551971326166,0.38947060854782584,0.3023745519713261
314,13,GTB,752,1995,0.5314285714285715,0.2682655467138226,0.3344258915687487,0.2299418971832765,0.24686728000681488,0.16686589746255037
315,13,GTB,752,1996,0.5485714285714286,0.2762919896640827,0.4632299402941605,0.23682170542635658,0.2891356542617047,0.19703892764441486
316,13,GTB,752,1997,0.56,0.4105489417989418,0.4766973125884017,0.3518990929705215,0.3888327145456753,0.2921356950703979
317,13,GTB,752,1998,0.6571428571428571,0.22614141414141412,0.2540816326530612,0.19383549783549783,0.2078856641384066,0.15432812801233853
318,13,GTB,752,1999,0.6057142857142858,0.35646464646464643,0.413265306122449,0.3055411255411255,0.31759265459171715,0.22639027639027637
319,13,GTB,752,2000,0.6685714285714286,0.29284848484848486,0.40007739938080494,0.29284848484848486,0.3116588073484625,0.22364660429176556
320,13,GTB,752,2001,0.7142857142857143,0.3916161616161617,0.5004489337822672,0.3916161616161617,0.4145946645946646,0.29576719576719573
321,13,GTB,752,2002,0.6685714285714286,0.3541134339914828,0.40668441289559304,0.3035258005641281,0.3297965505595733,0.2514921291191234
322,13,GTB,752,2003,0.5714285714285714,0.31348829854522453,0.31939716883634056,0.26870425589590674,0.27322905083154175,0.20853822594956636
323,13,GTB,752,2004,0.6914285714285714,0.40286044973544977,0.5084665334665335,0.40286044973544977,0.4251954673007305,0.31665110227798793
324,13,GTB,752,2005,0.6457142857142857,0.449074074074074,0.49014495605404695,0.449074074074074,0.43959498104234945,0.32236478484011055
325,13,GTB,752,2006,0.6628571428571428,0.39616402116402116,0.48690025252525254,0.39616402116402116,0.4236656563440406,0.314746847355543
326,13,GTB,752,2007,0.6514285714285715,0.35960798460798465,0.4804909560723514,0.35960798460798465,0.3707093560034737,0.2551104994039777
327,13,GTB,752,2008,0.6742857142857143,0.35211296639868067,0.4175252709779564,0.35211296639868067,0.37429765799449555,0.28397320684266164
328,13,GTB,752,2009,0.64,0.4086834733893557,0.4815454855777436,0.4086834733893557,0.4053937532002048,0.2789269553975436
329,13,GTB,752,2010,0.6457142857142857,0.30022269943529784,0.33962069676355394,0.25733374237311246,0.26585511675025747,0.18954178925574805
330,13,GTB,752,2011,0.5485714285714286,0.31367215461703646,0.3478482302011714,0.2688618468146027,0.26464583451483015,0.18161048880705163
331,13,GTB,752,2012,0.6628571428571428,0.3523529411764706,0.4870316019384342,0.3523529411764706,0.36287796487416263,0.26880807558926906
332,13,GTB,752,2013,0.6171428571428571,0.2682137371077463,0.29244080145719487,0.23468701996927802,0.2529797514956281,0.19585996591030147
333,13,GTB,752,2014,0.6342857142857142,0.34037024829707757,0.48194444444444445,0.34037024829707757,0.3771445776806401,0.2625937029172237
334,13,GTB,752,2015,0.6228571428571429,0.37398446833930704,0.4759485094850948,0.37398446833930704,0.39019343229869546,0.2753306878306878
335,13,GTB,752,2016,0.6571428571428571,0.25797491039426523,0.2589597271415453,0.25797491039426523,0.24263313962562083,0.17991402116402114
336,13,GTB,752,2017,0.68,0.33552380952380956,0.42204736211031174,0.33552380952380956,0.34948009506833033,0.2582767550920417
337,13,GTB,752,2018,0.6342857142857142,0.3482026143790849,0.39844195156695156,0.3482026143790849,0.3403667905956235,0.24705882352941178
338,13,GTB,752,2019,0.6628571428571428,0.3513006535947712,0.5470093268450933,0.3513006535947712,0.38438386041439476,0.2785189956242588
339,13,GTB,752,2020,0.6971428571428572,0.4332611832611833,0.5983709273182957,0.4332611832611833,0.44835899835899834,0.3205867596888244
340,13,GTB,752,2021,0.6971428571428572,0.3854617604617605,0.4952929066067752,0.3854617604617605,0.38178171913500064,0.27171052631578946
341,13,GTB,752,2022,0.64,0.3525692244110759,0.46579438226903663,0.3525692244110759,0.3706103260350527,0.2755955664118929
342,13,GTB,7492,1985,,,,,,
343,13,GTB,7492,1986,,,,,,
344,13,GTB,7492,1987,,,,,,
345,13,GTB,7492,1988,,,,,,
346,13,GTB,7492,1989,,,,,,
347,13,GTB,7492,1990,,,,,,
348,13,GTB,7492,1991,,,,,,
349,13,GTB,7492,1992,,,,,,
350,13,GTB,7492,1993,,,,,,
351,13,GTB,7492,1994,,,,,,
352,13,GTB,7492,1995,,,,,,
353,13,GTB,7492,1996,,,,,,
354,13,GTB,7492,1997,,,,,,
355,13,GTB,7492,1998,,,,,,
356,13,GTB,7492,1999,,,,,,
357,13,GTB,7492,2000,,,,,,
358,13,GTB,7492,2001,,,,,,
359,13,GTB,7492,2002,,,,,,
360,13,GTB,7492,2003,,,,,,
361,13,GTB,7492,2004,,,,,,
362,13,GTB,7492,2005,,,,,,
363,13,GTB,7492,2006,,,,,,
364,13,GTB,7492,2007,,,,,,
365,13,GTB,7492,2008,,,,,,
366,13,GTB,7492,2009,,,,,,
367,13,GTB,7492,2010,,,,,,
368,13,GTB,7492,2011,,,,,,
369,13,GTB,7492,2012,,,,,,
370,13,GTB,7492,2013,,,,,,
371,13,GTB,7492,2014,,,,,,
372,13,GTB,7492,2015,,,,,,
373,13,GTB,7492,2016,,,,,,
374,13,GTB,7492,2017,,,,,,
375,13,GTB,7492,2018,,,,,,
376,13,GTB,7492,2019,,,,,,
377,13,GTB,7492,2020,,,,,,
378,13,GTB,7492,2021,,,,,,
379,13,GTB,7492,2022,,,,,,
380,13,GTB,753,1985,0.2097053726169844,0.1779164267193441,0.3238841922917265,0.1556768733794261,0.18034748790652785,0.11084589475699631
381,13,GTB,753,1986,0.5095320623916811,0.2716296102107169,0.2931256790768681,0.2376759089343773,0.22815512258651138,0.15642473573797447
382,13,GTB,753,1987,0.4783362218370884,0.2692707991723033,0.3149605954835262,0.2356119492757654,0.22257828761561083,0.1465697193316557
383,13,GTB,753,1988,0.49913344887348354,0.31717269352706917,0.3345558762225429,0.2775261068361855,0.25030342777179015,0.16924613912418632
384,13,GTB,753,1989,0.48700173310225303,0.34052375522149314,0.33743138017331564,0.29795828581880646,0.27667972822561726,0.1858080941947885
385,13,GTB,753,1990,0.5736568457538995,0.32248833034745705,0.34214049976426214,0.2764185688692489,0.2680289943983039,0.18622482719286326
386,13,GTB,753,1991,0.5493934142114385,0.2951959440888405,0.3228982269998604,0.25302509493329184,0.2468074897883414,0.16366582368631213
387,13,GTB,753,1992,0.5164644714038128,0.3486365965433634,0.37785131410815825,0.29883136846574004,0.27415952671411803,0.18004658429926804
388,13,GTB,753,1993,0.5563258232235702,0.26942591458720494,0.26127547506122367,0.2357476752638043,0.2255611541803161,0.14910404896276572
389,13,GTB,753,1994,0.512998266897747,0.27402826879695585,0.3457600993374605,0.23977473519733639,0.24436346805407344,0.1650674140846739
390,13,GTB,753,1995,0.3882149046793761,0.17397373959757587,0.2560699978977857,0.1522270221478789,0.16174633509192332,0.1054432802078713
391,13,GTB,753,1996,0.341421143847487,0.17407607311699383,0.330577436484187,0.1523165639773696,0.18295077631973347,0.11817083040487295
392,13,GTB,753,1997,0.4679376083188908,0.22085561497326203,0.3039834226780731,0.19324866310160427,0.20340430193896628,0.13424959345737933
393,13,GTB,753,1998,0.49220103986135183,0.25410068687405934,0.31020712443584786,0.22233810101480195,0.21135452174976976,0.13896526609098103
394,13,GTB,753,1999,0.48353552859618715,0.27947324124930584,0.3149615583348975,0.24453908609314265,0.24456703844506703,0.1612717858461214
395,13,GTB,753,2000,0.5285961871750433,0.33388007743416453,0.35115669651622616,0.292145067754894,0.27288859236440355,0.17963789816048437
396,13,GTB,753,2001,0.4696707105719237,0.24863130348876902,0.283845162094234,0.2175523905526729,0.21400068620477913,0.1451224391258495
397,13,GTB,753,2002,0.5667244367417678,0.3867612882878228,0.40344751675347484,0.33150967567527667,0.32850312367119094,0.22485839412111722
398,13,GTB,753,2003,0.49566724436741766,0.27692322733563896,0.24249467021279103,0.24230782391868408,0.20810787652892915,0.14601105119587948
399,13,GTB,753,2004,0.5164644714038128,0.40169935720873484,0.36987901380382304,0.34431373475034416,0.31240775468535,0.212291724640485
400,13,GTB,753,2005,0.4783362218370884,0.34458962693107237,0.3812872654067017,0.2953625373694906,0.28188824527662876,0.185022578274817
401,13,GTB,753,2006,0.5389948006932409,0.2904003404003404,0.2954581736909323,0.25410029785029786,0.2376338363194586,0.16607294510160753
402,13,GTB,753,2007,0.5459272097053726,0.3405905029489245,0.32489636966280505,0.298016690080309,0.2772322714983124,0.1933468604922905
403,13,GTB,753,2008,0.5303292894280762,0.32218669556443336,0.3446462903193672,0.28191335861887923,0.25473702022615063,0.16637160910509496
404,13,GTB,753,2009,0.5077989601386482,0.27511317820242304,0.299444297340714,0.24072403092712016,0.23674011977036005,0.1604355372819259
405,13,GTB,753,2010,0.49566724436741766,0.26972201572414795,0.2776369718808136,0.23600676375862942,0.23867620952329766,0.15589992786345708
406,13,GTB,753,2011,0.48353552859618715,0.2721655902576955,0.3311158921399885,0.23814489147548357,0.2531733739461848,0.16440333643130295
407,13,GTB,753,2012,0.5199306759098787,0.2727323208670595,0.3098395445134575,0.23864078075867712,0.22897873509191247,0.1516569455358585
408,13,GTB,753,2013,0.5199306759098787,0.2667937013057987,0.31301159735617423,0.2334444886425739,0.23408296302070492,0.1568863290148561
409,13,GTB,753,2014,0.5459272097053726,0.3134769722252191,0.3271663331339445,0.2742923506970667,0.27033849833769874,0.17840715713765626
410,13,GTB,753,2015,0.49566724436741766,0.3076552359165992,0.33553522558811766,0.26919833142702426,0.25936879188163436,0.16899664243414242
411,13,GTB,753,2016,0.5268630849220104,0.3851155044306302,0.4677042185120133,0.33009900379768303,0.3354626155082893,0.22541660634191546
412,13,GTB,753,2017,0.5060658578856152,0.3455962700110529,0.3544282608890415,0.29622537429518825,0.2725806817983013,0.1771752954940308
413,13,GTB,753,2018,0.5043327556325823,0.35067962375610745,0.38478599954717746,0.3005825346480921,0.28693594895000324,0.18791830451495475
414,13,GTB,753,2019,0.5181975736568457,0.3458854857303277,0.35382475366949073,0.296473273483138,0.2696131272219091,0.17838811702256083
415,13,GTB,753,2020,0.5563258232235702,0.387842165244696,0.4303750186361484,0.33243614163831087,0.321691116979265,0.21764653009888887
416,13,GTB,753,2021,0.58578856152513,0.36911143509553224,0.42986396534783633,0.3163812300818848,0.3284524963292137,0.22455224020279843
417,13,GTB,753,2022,0.5008665511265165,0.3375023472405157,0.36070265970465853,0.2953145538354513,0.2695207572102608,0.17772518793397493
418,13,GTB,754,1985,0.3378712871287129,0.17230416238197624,0.21590163542427923,0.15315925545064554,0.17544563338510272,0.12106285661787626
419,13,GTB,754,1986,0.6992574257425742,0.2762658139196109,0.23490813163251176,0.24556961237298747,0.23555956932657113,0.177804935000745
420,13,GTB,754,1987,0.6831683168316832,0.32865497076023387,0.26581906950439904,0.29213775178687457,0.27154069297448474,0.2058561211787018
421,13,GTB,754,1988,0.6732673267326733,0.2725817137809187,0.24275131381015416,0.24229485669414996,0.2340699875520794,0.17432377048893952
422,13,GTB,754,1989,0.6274752475247525,0.3229558534323916,0.2503417255509442,0.2870718697176814,0.25289992377942516,0.18550490581959933
423,13,GTB,754,1990,0.6794554455445545,0.3246927500281881,0.3299855207313017,0.3246927500281881,0.3157054083223058,0.23617982415185984
424,13,GTB,754,1991,0.6534653465346535,0.3270121208011448,0.34740024415654147,0.3270121208011448,0.3126435604416619,0.2302691590226076
425,13,GTB,754,1992,0.6522277227722773,0.35282331539902867,0.4042070161397892,0.35282331539902867,0.3478521420791715,0.2458406306162541
426,13,GTB,754,1993,0.6571782178217822,0.2842579404643213,0.25974245020346964,0.24872569790628116,0.24629173690547487,0.17437787336131824
427,13,GTB,754,1994,0.6027227722772277,0.27462983247333017,0.2375438085529829,0.2441154066429601,0.21858750771894464,0.15117882733493207
428,13,GTB,754,1995,0.5643564356435643,0.2260844561737097,0.20690277980033334,0.2009639610432975,0.18618332801874132,0.12888814572608348
429,13,GTB,754,1996,0.6150990099009901,0.2140560991970833,0.21186740220289252,0.19027208817518515,0.1984372671374599,0.14304244799865737
430,13,GTB,754,1997,0.6373762376237624,0.2555156064239741,0.2309544079221349,0.22712498348797697,0.21526056624485373,0.15315505228211868
431,13,GTB,754,1998,0.6571782178217822,0.2583921260035944,0.23187277982217305,0.22609311025314513,0.2221209528667115,0.1564175763171618
432,13,GTB,754,1999,0.6410891089108911,0.2455477363359137,0.2514108252409123,0.21485426929392448,0.21459119389439296,0.15165058549158944
433,13,GTB,754,2000,0.6646039603960396,0.25983900674542826,0.31622157872157874,0.25983900674542826,0.27249952847524045,0.1957725665532671
434,13,GTB,754,2001,0.6311881188118812,0.2698665785691102,0.2985928951270645,0.23613325624797146,0.24000614162027334,0.16824218277254085
435,13,GTB,754,2002,0.6856435643564357,0.27785782477526094,0.3576394910402852,0.27785782477526094,0.2785785695463641,0.20006075668504572
436,13,GTB,754,2003,0.6881188118811881,0.25966175581376344,0.2576322667231758,0.23081044961223418,0.2329482298365123,0.17076729695024495
437,13,GTB,754,2004,0.6893564356435643,0.36783660911520055,0.324842427872254,0.36783660911520055,0.3222662385624623,0.24761188596798966
438,13,GTB,754,2005,0.6782178217821783,0.34975793985059844,0.3358885489679743,0.34975793985059844,0.3358913177390378,0.25629506604005226
439,13,GTB,754,2006,0.6361386138613861,0.3182919134549471,0.3141386324195041,0.3182919134549471,0.30140573459260456,0.22595392223875196
440,13,GTB,754,2007,0.6670792079207921,0.38631033724090275,0.3433530041659681,0.38631033724090275,0.35112943315244916,0.2576930613527724
441,13,GTB,754,2008,0.6522277227722773,0.34400396388845234,0.2804944268016086,0.3010034684023958,0.27976503138286346,0.2093658644831765
442,13,GTB,754,2009,0.6658415841584159,0.36130998847626483,0.33180973615756226,0.36130998847626483,0.331800876965287,0.252763756590303
443,13,GTB,754,2010,0.6386138613861386,0.3267179164196799,0.3004520556942539,0.29041592570638214,0.28457890009886744,0.2140417318264988
444,13,GTB,754,2011,0.6448019801980198,0.2862936567031876,0.2657209681930147,0.2505069496152892,0.2572813702390443,0.20231088254150292
445,13,GTB,754,2012,0.6893564356435643,0.31048568002839644,0.2745550455572585,0.2759872711363524,0.265709508082164,0.20483856996123817
446,13,GTB,754,2013,0.7103960396039604,0.35180258338153075,0.3523816828369419,0.35180258338153075,0.3385437051532942,0.2579098294865584
447,13,GTB,754,2014,0.6670792079207921,0.28879654463893595,0.2952031102262784,0.28879654463893595,0.27790449358952063,0.20774954786093286
448,13,GTB,754,2015,0.6893564356435643,0.3258213541826987,0.330309072781655,0.3258213541826987,0.3153617047712766,0.22962394082207022
449,13,GTB,754,2016,0.7103960396039604,0.31171936444519693,0.35181660592532904,0.31171936444519693,0.3158056145594927,0.23093102237814905
450,13,GTB,754,2017,0.6868811881188119,0.2659551056338028,0.3017915724709393,0.2659551056338028,0.2666179453555376,0.1916059101155255
451,13,GTB,754,2018,0.6967821782178217,0.33376950221521945,0.357856763119921,0.33376950221521945,0.33414682802921664,0.24893795026036342
452,13,GTB,754,2019,0.6893564356435643,0.3185671118423211,0.37088843598343946,0.3185671118423211,0.3307780693851437,0.24460905241217365
453,13,GTB,754,2020,0.6967821782178217,0.34883913305272,0.3542666659151611,0.34883913305272,0.3399253367029571,0.25991638235208353
454,13,GTB,754,2021,0.6707920792079208,0.33008544055072225,0.3416077828981055,0.33008544055072225,0.3185753782703899,0.23839976982632352
455,13,GTB,754,2022,0.6485148514851485,0.2820947480397782,0.2911217068764156,0.2820947480397782,0.269642156545463,0.2003675998758548
456,13,GTB,755,1985,0.6363636363636364,0.23659147869674182,0.2534356725146199,0.2070175438596491,0.22584990702562857,0.16849767666405166
457,13,GTB,755,1986,0.7236363636363636,0.3111579414374445,0.24376363884342608,0.272263198757764,0.25675675675675674,0.1996829105473965
458,13,GTB,755,1987,0.7127272727272728,0.34600525989088177,0.3349856988249846,0.2965759370493272,0.31087252511067326,0.24913419913419915
459,13,GTB,755,1988,0.6836363636363636,0.33479532163742687,0.28132832080200504,0.28696741854636587,0.2835792994883904,0.21620949285216756
460,13,GTB,755,1989,0.7163636363636363,0.36279185814417675,0.34183815627114594,0.3109644498378658,0.3227210413251173,0.26469215591289863
461,13,GTB,755,1990,0.7272727272727273,0.37833446943876387,0.3788645845078363,0.32428668809036904,0.3445690064317627,0.2738633915104503
462,13,GTB,755,1991,0.68,0.3558540225206892,0.3557692933632783,0.3050177335891622,0.31145640074211506,0.23170128477314014
463,13,GTB,755,1992,0.7127272727272728,0.40627488453575406,0.31274801587301587,0.34823561531636066,0.32583401284878294,0.2676328938655108
464,13,GTB,755,1993,0.6690909090909091,0.3321654191219408,0.34918058132343843,0.284713216390235,0.3061912070837089,0.24289258718893475
465,13,GTB,755,1994,0.68,0.32642992555601796,0.3563207934935684,0.2797970790480154,0.2958819531218873,0.21684771219627416
466,13,GTB,755,1995,0.56,0.23438772186940238,0.3208942955778399,0.20090376160234488,0.22845804988662133,0.16065125480004655
467,13,GTB,755,1996,0.5854545454545454,0.2754419191919192,0.38173197778944523,0.23609307359307358,0.2731982715566847,0.1902363710461143
468,13,GTB,755,1997,0.6836363636363636,0.37022809008212015,0.3372862247936697,0.31733836292753154,0.3244828598022344,0.236315945142359
469,13,GTB,755,1998,0.730909090909091,0.2566044204242962,0.24783208513992905,0.22452886787125917,0.23072672243759776,0.17859743985875084
470,13,GTB,755,1999,0.6836363636363636,0.2721746233222857,0.3366105891777729,0.23329253427624488,0.25059397324590693,0.18511788276954616
471,13,GTB,755,2000,0.6727272727272727,0.2981434717545829,0.2975171886936593,0.2555515472182139,0.2687295964170803,0.19217562944589411
472,13,GTB,755,2001,0.7163636363636363,0.3041526374859708,0.37613871635610757,0.2607022607022607,0.282726022310282,0.2105766803009645
473,13,GTB,755,2002,0.7454545454545455,0.34300606748139356,0.4142819314936354,0.29400520069833735,0.3191722165488284,0.23813832229497267
474,13,GTB,755,2003,0.6836363636363636,0.2349173511607525,0.2949867316933228,0.20555268226565843,0.2210372028568383,0.1643185203574975
475,13,GTB,755,2004,0.72,0.35779877619072176,0.41693600517129925,0.3066846653063329,0.3385856239514776,0.2560962267820675
476,13,GTB,755,2005,0.7054545454545454,0.2923224126407647,0.38891190994164165,0.25056206797779834,0.2754051975549246,0.2021508779204906
477,13,GTB,755,2006,0.6836363636363636,0.3075804630152456,0.31170253743560117,0.2636403968702105,0.27840297588196744,0.20053188354549742
478,13,GTB,755,2007,0.7054545454545454,0.3453952761068866,0.4375256568144499,0.2960530938059028,0.33142170110053154,0.2474125263116089
479,13,GTB,755,2008,0.7272727272727273,0.37822718352575374,0.3697939236361885,0.32419472873636035,0.3403814039582314,0.2540669322870728
480,13,GTB,755,2009,0.6727272727272727,0.3284137386131251,0.3281025664034458,0.2814974902398215,0.29312819341170604,0.20792519967624196
481,13,GTB,755,2010,0.6945454545454546,0.3290574456218628,0.32733601212505725,0.28204923910445384,0.295816099160472,0.21951982381830584
482,13,GTB,755,2011,0.6072727272727273,0.3020140428677014,0.35680141454789344,0.2588691796008869,0.29346527852409526,0.21583519137866963
483,13,GTB,755,2012,0.7454545454545455,0.3684673647622569,0.3854836849994235,0.31582916979622017,0.3384056512778522,0.2622141869792557
484,13,GTB,755,2013,0.72,0.33613916947250283,0.31419909381663114,0.2881192881192881,0.2920278855343791,0.21740447051026118
485,13,GTB,755,2014,0.7127272727272728,0.31661990273101387,0.3805899623818699,0.27138848805515475,0.2929512836818414,0.21588273628121826
486,13,GTB,755,2015,0.7163636363636363,0.3197798578233361,0.37617502431398214,0.27409702099143096,0.29285176521201367,0.21708155002891846
487,13,GTB,755,2016,0.6945454545454546,0.32271903820816866,0.38528138528138534,0.27661631846414453,0.29807256235827667,0.21530853707351813
488,13,GTB,755,2017,0.7163636363636363,0.3165946372468112,0.4020463923274228,0.27136683192583816,0.2981015662078785,0.21846275095404016
489,13,GTB,755,2018,0.7236363636363636,0.3621031142770273,0.44433346197210805,0.3103740979517377,0.34798021772811694,0.2577693268967005
490,13,GTB,755,2019,0.68,0.2804693274205469,0.4005769139830709,0.2404022806461831,0.26669112252384447,0.18912418204453602
491,13,GTB,755,2020,0.6872727272727273,0.28697681996778984,0.4051601128256181,0.24598013140096273,0.2731529911735861,0.19487675260710138
492,13,GTB,755,2021,0.7163636363636363,0.3239809788380016,0.43732354601919815,0.2776979818611442,0.306482899152011,0.22335504428527683
493,13,GTB,755,2022,0.7127272727272728,0.3655225568569127,0.42899848828420256,0.3133050487344966,0.34426015540804045,0.25311986863711
494,13,GTB,756,1985,0.1103448275862069,0.06069607930562986,0.2027629952158254,0.05395207049389321,0.08209940312213039,0.048895205921531466
495,13,GTB,756,1986,0.7103448275862069,0.3217291887592789,0.2711219336219336,0.3217291887592789,0.2852959014126527,0.2219911730781296
496,13,GTB,756,1987,0.6804597701149425,0.3131475558714365,0.29934505150022395,0.3131475558714365,0.30474295600593176,0.2375982974499924
497,13,GTB,756,1988,0.593103448275862,0.341798057512968,0.2977090614516316,0.341798057512968,0.30517369286843216,0.23604162963256223
498,13,GTB,756,1989,0.6413793103448275,0.3216703509256701,0.27419733044733047,0.3216703509256701,0.2938750751136575,0.23086011663275868
499,13,GTB,756,1990,0.6183908045977011,0.32672013640702485,0.3146852855514273,0.32672013640702485,0.3195026396465246,0.24301192387067186
500,13,GTB,756,1991,0.6091954022988506,0.2740184456217173,0.2846481876332622,0.2740184456217173,0.2781444079986824,0.21142847757944327
501,13,GTB,756,1992,0.6252873563218391,0.2572117728901054,0.3142981218108783,0.2572117728901054,0.2762080137346662,0.20831253849854545
502,13,GTB,756,1993,0.6758620689655173,0.27484261178842456,0.2901749091761397,0.24048728531487154,0.2563028865604707,0.19859740358335864
503,13,GTB,756,1994,0.6666666666666666,0.2743254576914068,0.2908294265311035,0.2743254576914068,0.279866464705838,0.21084018022793533
504,13,GTB,756,1995,0.6482758620689655,0.26869489002561414,0.26300403547758644,0.26869489002561414,0.26568809060179216,0.19500158279850874
505,13,GTB,756,1996,0.6459770114942529,0.3557029177718833,0.353984785513448,0.3557029177718833,0.3526746826779492,0.2623116495692673
506,13,GTB,756,1997,0.6551724137931034,0.301986511587272,0.2512580136359011,0.264238197638863,0.2528621988440808,0.19629978454343155
507,13,GTB,756,1998,0.6873563218390805,0.2746399256787633,0.2979449034192808,0.24030993496891784,0.2603250193799908,0.20216131361011225
508,13,GTB,756,1999,0.6781609195402298,0.287882955235266,0.26949366703203026,0.25189758583085775,0.25709368587432757,0.2004057057605651
509,13,GTB,756,2000,0.6436781609195402,0.33899371069182394,0.3347882146775136,0.33899371069182394,0.32529350239904614,0.2535332616458906
510,13,GTB,756,2001,0.6666666666666666,0.358886812987845,0.28292423116045734,0.31402596136436445,0.2913953081232493,0.22871086141974736
511,13,GTB,756,2002,0.6735632183908046,0.3725536549964031,0.3500306213239967,0.3725536549964031,0.3545428604059638,0.29669164720945995
512,13,GTB,756,2003,0.6873563218390805,0.2917276385586245,0.3015156068061451,0.25526168373879643,0.26907696394825686,0.21756160506160505
513,13,GTB,756,2004,0.6942528735632184,0.3692754691125805,0.333337257117745,0.3692754691125805,0.3488423821992364,0.2693669460586754
514,13,GTB,756,2005,0.6413793103448275,0.3510128524462921,0.30087719298245613,0.3510128524462921,0.31465296328772335,0.24443909770532174
515,13,GTB,756,2006,0.6896551724137931,0.2994617396701352,0.3104875283446712,0.2994617396701352,0.3031188874295386,0.2415737669258796
516,13,GTB,756,2007,0.6896551724137931,0.3189298643868948,0.31324699018025287,0.3189298643868948,0.3157793742900126,0.25888435949615124
517,13,GTB,756,2008,0.6505747126436782,0.3125291485337751,0.2775247526800322,0.3125291485337751,0.29328218663453026,0.22862688386881938
518,13,GTB,756,2009,0.6482758620689655,0.3325476411797924,0.33607810100347413,0.3325476411797924,0.3339912255324718,0.25972590627763037
519,13,GTB,756,2010,0.639080459770115,0.2699673313056213,0.23620027954244793,0.23997096116055225,0.2344210942189625,0.17452762941424713
520,13,GTB,756,2011,0.49885057471264366,0.1878715095820359,0.23350559862187767,0.16699689740625415,0.1922229572011573,0.13536433321294777
521,13,GTB,756,2012,0.7034482758620689,0.3073384217605855,0.3219748505462791,0.3073384217605855,0.31284851242891926,0.2528550289888496
522,13,GTB,756,2013,0.696551724137931,0.27222386539156723,0.33650793650793653,0.27222386539156723,0.2939200716978495,0.22862843461406906
523,13,GTB,756,2014,0.6781609195402298,0.25488882120012185,0.3282643446071008,0.25488882120012185,0.27515218351853404,0.20603243458081572
524,13,GTB,756,2015,0.6804597701149425,0.3272956144829174,0.35812109142996895,0.3272956144829174,0.33310466536947375,0.25121141505833366
525,13,GTB,756,2016,0.7195402298850575,0.3087301587301588,0.3441359292423122,0.3087301587301588,0.3204672607657682,0.26535666898338284
526,13,GTB,756,2017,0.7172413793103448,0.28364513449862144,0.30508284818629644,0.28364513449862144,0.29129787916800376,0.2245675904893782
527,13,GTB,756,2018,0.7149425287356321,0.339274213334969,0.3399981179859176,0.339274213334969,0.3384214408655028,0.29543994861913936
528,13,GTB,756,2019,0.7218390804597701,0.34027988872172354,0.3419800758772782,0.34027988872172354,0.3390328719895575,0.2963265306122449
529,13,GTB,756,2020,0.6896551724137931,0.338183050998177,0.3353527203231019,0.338183050998177,0.332309149181309,0.24345882390020113
530,13,GTB,756,2021,0.6781609195402298,0.26484927304255035,0.29960414047663625,0.26484927304255035,0.2767484604595096,0.20927993239637077
531,13,GTB,756,2022,0.7034482758620689,0.33654834682675183,0.345876585928489,0.33654834682675183,0.33811413454270595,0.25470100300591836
532,13,GTB,757,1985,0.2949640287769784,0.1273862457388469,0.14211344862589517,0.11323221843453059,0.11671911562979102,0.0723362894415526
533,13,GTB,757,1986,0.5227817745803357,0.29950885146804834,0.2607822231544113,0.26623009019382077,0.19176525056314617,0.12873694508126976
534,13,GTB,757,1987,0.5563549160671463,0.21643545223811722,0.2265063051395069,0.1923870686561042,0.20576984192179815,0.14889303823730052
535,13,GTB,757,1988,0.4844124700239808,0.2572427052389017,0.2450495211376292,0.22866018243457928,0.21540266387734158,0.14698845581198522
536,13,GTB,757,1989,0.5755395683453237,0.28797334139492026,0.2819817941769161,0.2559763034621514,0.22617450582134474,0.15539706373039708
537,13,GTB,757,1990,0.5947242206235012,0.31235133680601695,0.2624281853895588,0.27764563271645953,0.2567840392700056,0.17962161879828142
538,13,GTB,757,1991,0.4244604316546763,0.1659203786090841,0.16177481438919347,0.14748478098585252,0.1389417925070099,0.09057263796693492
539,13,GTB,757,1992,0.5275779376498801,0.2756499819135467,0.2734897305839852,0.24502220614537493,0.23721229305174793,0.16181494805121643
540,13,GTB,757,1993,0.5443645083932853,0.1662674630805893,0.15833098525406217,0.14779330051607936,0.15174449812130972,0.10378290613521836
541,13,GTB,757,1994,0.460431654676259,0.18459884621547995,0.19876054852320676,0.16408786330264885,0.17976520236407245,0.1230880474795282
542,13,GTB,757,1995,0.44364508393285373,0.23113321520618557,0.21734817115251898,0.20545174684994272,0.19692293436733765,0.13669055313627415
543,13,GTB,757,1996,0.47002398081534774,0.17899315596684018,0.26071656033766205,0.15910502752608016,0.1944290384598347,0.13746441944451374
544,13,GTB,757,1997,0.4676258992805755,0.12585257787325455,0.13796553113813623,0.1118689581095596,0.12042122927556125,0.08290336313324818
545,13,GTB,757,1998,0.5491606714628298,0.22375513657239546,0.23551699399157025,0.1988934547310182,0.20645408418808772,0.14339112602535423
546,13,GTB,757,1999,0.565947242206235,0.1940252416756176,0.25288018085388075,0.17246688148943787,0.16980997448669152,0.11603393276975574
547,13,GTB,757,2000,0.6019184652278178,0.23866021970860682,0.2328772456575147,0.21214241751876162,0.21015927856782962,0.15092727912421008
548,13,GTB,757,2001,0.6067146282973621,0.21485285925584433,0.2836767867442714,0.21485285925584433,0.2341954022988506,0.17040163334958558
549,13,GTB,757,2002,0.5875299760191847,0.21555178033331285,0.2561322097960029,0.21555178033331285,0.21221150184433124,0.14858118073525306
550,13,GTB,757,2003,0.5899280575539568,0.21768169948863014,0.22314457314457314,0.1934948439898935,0.19183978146242298,0.13523665495907444
551,13,GTB,757,2004,0.6019184652278178,0.25506678281068523,0.2237546131351441,0.22672602916505355,0.21903328805533678,0.15842686412633145
552,13,GTB,757,2005,0.5635491606714629,0.24348320422453298,0.2848762980722838,0.24348320422453298,0.24621173563814036,0.18169902408637872
553,13,GTB,757,2006,0.6115107913669064,0.23075303097883382,0.29787964228753705,0.23075303097883382,0.2338714555044572,0.16842642712073405
554,13,GTB,757,2007,0.6282973621103117,0.23656156232260156,0.24244237963432688,0.21027694428675697,0.2100452206541571,0.153070445833445
555,13,GTB,757,2008,0.6163069544364509,0.25198560839690526,0.27511574074074074,0.2239872074639158,0.23704800056223205,0.17582694534275561
556,13,GTB,757,2009,0.5827338129496403,0.21868522705860186,0.23949586228645378,0.19438686849653497,0.21143394138915347,0.15531969146426977
557,13,GTB,757,2010,0.5779376498800959,0.2539720100747481,0.24276292659271384,0.22575289784422056,0.22266425964175163,0.1656732031686899
558,13,GTB,757,2011,0.4316546762589928,0.17622549019607842,0.24570210498268052,0.15664488017429193,0.1895164384936448,0.1341664417453891
559,13,GTB,757,2012,0.60431654676259,0.19232740021574973,0.1904679533582148,0.17095768908066644,0.17840304565968285,0.1270027864855451
560,13,GTB,757,2013,0.6402877697841727,0.2279197738984847,0.2922238103695684,0.2279197738984847,0.2425261365037034,0.17550831902597266
561,13,GTB,757,2014,0.5851318944844125,0.20969878731558214,0.2837524901657414,0.20969878731558214,0.22535865075547618,0.15805010741719602
562,13,GTB,757,2015,0.6906474820143885,0.2546519123334766,0.25493511414227527,0.2546519123334766,0.24154175296289568,0.1819434164840525
563,13,GTB,757,2016,0.6714628297362111,0.23906142167011732,0.3076469629661119,0.23906142167011732,0.25808556768309093,0.19329712216504674
564,13,GTB,757,2017,0.6163069544364509,0.22080745341614907,0.3331839492553778,0.22080745341614907,0.2411666812647806,0.1726469182990922
565,13,GTB,757,2018,0.6954436450839329,0.2753819351380327,0.3593929621698271,0.2753819351380327,0.28165379217896047,0.20803105465389687
566,13,GTB,757,2019,0.6522781774580336,0.2831192092221504,0.2680048338308234,0.2831192092221504,0.25936184369885196,0.1888846396658897
567,13,GTB,757,2020,0.6642685851318945,0.24804061110362485,0.24834829961412241,0.22048054320322208,0.22037970200752202,0.16345887377313648
568,13,GTB,757,2021,0.6211031175059952,0.26967445708659266,0.2374661246612466,0.23971062852141564,0.20080501862478606,0.14298890170589948
569,13,GTB,757,2022,0.6498800959232613,0.2641688518983012,0.27796347105120867,0.2641688518983012,0.2626551637277844,0.19388675760159135
570,13,GTB,758,1985,0.16279069767441862,0.08030669895076674,0.1617826617826618,0.0688343133863715,0.09286575216667622,0.056568144499178984
571,13,GTB,758,1986,0.4604651162790698,0.38328126251702316,0.2828125,0.28746094688776735,0.2649413574354662,0.22152727955518686
572,13,GTB,758,1987,0.5395348837209303,0.32649757649757644,0.20638567927170867,0.24487318237318237,0.20317141106040207,0.13853604363472785
573,13,GTB,758,1988,0.5069767441860465,0.29938122141511975,0.2316413027761712,0.2245359160613398,0.20682721012617922,0.1389457751604579
574,13,GTB,758,1989,0.5906976744186047,0.3887781469176818,0.4159824849480022,0.3887781469176818,0.3289717563989409,0.22997016974208706
575,13,GTB,758,1990,0.46511627906976744,0.21479516651930444,0.21941311612364245,0.1879457707043914,0.18944232342514317,0.125765306122449
576,13,GTB,758,1991,0.3627906976744186,0.22217879824132877,0.17128224445297616,0.1944064484611627,0.12597825232027687,0.0814151747655584
577,13,GTB,758,1992,0.5441860465116279,0.45730994152046783,0.3530593093093093,0.40014619883040936,0.34806962872768205,0.2790794126554316
578,13,GTB,758,1993,0.4372093023255814,0.2800307219662059,0.20861486486486486,0.24002633311389074,0.1688217450533019,0.11336438923395445
579,13,GTB,758,1994,0.4697674418604651,0.31450706025174113,0.22853647801998653,0.2695774802157781,0.210537964830583,0.13770819372525128
580,13,GTB,758,1995,0.5348837209302325,0.2482844546674334,0.19389969580065033,0.21281524685780004,0.18342989735741044,0.12808325566946258
581,13,GTB,758,1996,0.4744186046511628,0.26276439857288475,0.19246031746031747,0.22522662734818694,0.1717683064382717,0.11654369718773361
582,13,GTB,758,1997,0.5116279069767442,0.3758373205741627,0.340580810637508,0.32214627477785374,0.317378745626558,0.26594529806395767
583,13,GTB,758,1998,0.44651162790697674,0.3530892594722382,0.34543180941571283,0.3026479366904899,0.3055045045945865,0.25466588048350264
584,13,GTB,758,1999,0.4930232558139535,0.20619768704875088,0.19706067017949414,0.17674087461321505,0.17100948775671368,0.11976195753988524
585,13,GTB,758,2000,0.5488372093023256,0.27383255042829513,0.20798982814486688,0.27383255042829513,0.19908649173955295,0.1394799836736495
586,13,GTB,758,2001,0.5488372093023256,0.28660805300713554,0.19596810308712423,0.24566404543468762,0.1950643365396094,0.13485014250853192
587,13,GTB,758,2002,0.5767441860465117,0.4310570987654321,0.3207535121328225,0.4310570987654321,0.33892352074885507,0.2469486891198235
588,13,GTB,758,2003,0.5348837209302325,0.4182259048720172,0.23818541840936078,0.35847934703315765,0.2537794143874778,0.17408019828283885
589,13,GTB,758,2004,0.46511627906976744,0.48963514602495345,0.31265659041394334,0.4284307527718343,0.2986726874657909,0.20581633725820014
590,13,GTB,758,2005,0.5813953488372093,0.453532120395328,0.3882528621204579,0.453532120395328,0.3729457397448628,0.27095280089292617
591,13,GTB,758,2006,0.4883720930232558,0.45306602782330935,0.37540008911365963,0.45306602782330935,0.37612252966608956,0.279688088067778
592,13,GTB,758,2007,0.4883720930232558,0.2845098039215686,0.2883643892339544,0.2845098039215686,0.24550160805062765,0.1651113242499797
593,13,GTB,758,2008,0.4418604651162791,0.23651960784313725,0.20658431823480367,0.210239651416122,0.1841170394977546,0.12015836434441085
594,13,GTB,758,2009,0.5162790697674419,0.2569059405940594,0.2522665451908401,0.22836083608360835,0.22390592023703004,0.16168085139731353
595,13,GTB,758,2010,0.49767441860465117,0.2871287128712871,0.3593177560879424,0.2871287128712871,0.2640265610648886,0.18577794450317725
596,13,GTB,758,2011,0.4697674418604651,0.27862745098039216,0.3035553903128918,0.24379901960784311,0.24658587577384822,0.17912984636366167
597,13,GTB,758,2012,0.5720930232558139,0.45095238095238105,0.3570739560646393,0.39458333333333334,0.28256969052681313,0.19404933128337382
598,13,GTB,758,2013,0.5534883720930233,0.30411764705882355,0.35339141081387343,0.30411764705882355,0.24679027883447774,0.16928427419354838
599,13,GTB,758,2014,0.5674418604651162,0.2964403583215464,0.26283846872082167,0.2964403583215464,0.2453250770990984,0.16968186423505574
600,13,GTB,758,2015,0.5767441860465117,0.3654879773691655,0.37200523155579335,0.3654879773691655,0.31384391914527004,0.23545338589981446
601,13,GTB,758,2016,0.5720930232558139,0.2978547854785479,0.36952211270438806,0.2978547854785479,0.2645437122217308,0.18586782404123517
602,13,GTB,758,2017,0.5209302325581395,0.3518688118811881,0.33979885057471265,0.3518688118811881,0.26324949350398763,0.17736046471242012
603,13,GTB,758,2018,0.5534883720930233,0.30223897389738974,0.30739247311827955,0.30223897389738974,0.25579638508718017,0.1828710848482401
604,13,GTB,758,2019,0.5581395348837209,0.2603435343534353,0.3116134806973848,0.2603435343534353,0.2353125664172176,0.1656519074587136
605,13,GTB,758,2020,0.49767441860465117,0.20083333333333334,0.3065317670112312,0.20083333333333334,0.19180425015555425,0.13022988888149578
606,13,GTB,758,2021,0.46511627906976744,0.18791666666666665,0.22899003255350198,0.18791666666666665,0.18259347157465355,0.12097232282208482
607,13,GTB,758,2022,0.5441860465116279,0.3311082474226804,0.19836020864489187,0.3311082474226804,0.21188143503267118,0.14487433260526636
608,13,GTB,759,1985,0.23163841807909605,0.12908496732026145,0.10344272844272845,0.0860566448801743,0.09379612059877715,0.05768321513002365
609,13,GTB,759,1986,0.2994350282485876,0.11700249272953885,0.10550044091710759,0.09100193878964132,0.09293329624994205,0.05869334621771269
610,13,GTB,759,1987,0.4971751412429379,0.20362030442675602,0.15257335257335258,0.15837134788747692,0.15037060183439227,0.10154484636633805
611,13,GTB,759,1988,0.4971751412429379,0.23588564213564214,0.16568986851090267,0.1834666105499439,0.16403118746015646,0.11033804760870985
612,13,GTB,759,1989,0.4858757062146893,0.3682426303854875,0.27335858585858586,0.28641093474426804,0.273038292529818,0.21937089099560494
613,13,GTB,759,1990,0.5423728813559322,0.3371626384120416,0.27777302334426857,0.2622376076538101,0.26865735792289464,0.22059854219231848
614,13,GTB,759,1991,0.3672316384180791,0.1454212454212454,0.16390091390091388,0.1131054131054131,0.13297547078034883,0.08448637958793276
615,13,GTB,759,1992,0.4745762711864407,0.4172619047619048,0.29607963875205257,0.31294642857142857,0.2914949923935092,0.23510725231754082
616,13,GTB,759,1993,0.4519774011299435,0.44337167070217914,0.35969719816475926,0.33252875302663437,0.3343574191279887,0.2616648297354819
617,13,GTB,759,1994,0.3107344632768362,0.1465811965811966,0.15176282051282053,0.10993589743589743,0.12691515215553675,0.07703634085213032
618,13,GTB,759,1995,0.4463276836158192,0.21221616531380974,0.17010416666666667,0.1591621239853573,0.1583377619192226,0.10392720306513409
619,13,GTB,759,1996,0.4293785310734463,0.18369011618653508,0.16662608225108225,0.1377675871399013,0.14862997059735125,0.09715194567600086
620,13,GTB,759,1997,0.3954802259887006,0.14791955617198335,0.13151715545332568,0.1150485436893204,0.11867633513443747,0.07631745214687796
621,13,GTB,759,1998,0.4745762711864407,0.19772306981044846,0.19831079153113051,0.15378460985257103,0.17180757904739805,0.1165418553349588
622,13,GTB,759,1999,0.423728813559322,0.2295307443365696,0.1936412983272405,0.17214805825242718,0.17987370386751192,0.11845340768440735
623,13,GTB,759,2000,0.4971751412429379,0.2035279390676791,0.17215007215007214,0.1582995081637504,0.1600960420552754,0.10946335837230686
624,13,GTB,759,2001,0.519774011299435,0.2564176402830344,0.1853458432405801,0.19943594244236007,0.18614319995535464,0.129778972520908
625,13,GTB,759,2002,0.5423728813559322,0.21048625966759915,0.16881053268765134,0.18417547720914926,0.16945289335099953,0.11751098901098901
626,13,GTB,759,2003,0.4632768361581921,0.17324929971988798,0.17367367367367367,0.13474945533769064,0.15051800051800054,0.10011520859096722
627,13,GTB,759,2004,0.5028248587570622,0.23487222757955642,0.1944660014781966,0.17615417068466732,0.18406329923273657,0.12455474315710535
628,13,GTB,759,2005,0.4915254237288136,0.24091931854709095,0.19996829674249028,0.20650227304036367,0.18871196830380502,0.1267898767898768
629,13,GTB,759,2006,0.5649717514124294,0.2254147465437788,0.21551633367553763,0.19723790322580645,0.2051351235598955,0.14389862186993335
630,13,GTB,759,2007,0.5310734463276836,0.22191434600134485,0.20155228758169935,0.19417505275117675,0.1964376610155406,0.13611795292829776
631,13,GTB,759,2008,0.3446327683615819,0.15984145583241666,0.14163795723467487,0.12432113231410186,0.11987965556593008,0.07452611413591449
632,13,GTB,759,2009,0.4011299435028249,0.15069542668552569,0.15045065011820333,0.11720755408874221,0.12453582614872939,0.0829412445677993
633,13,GTB,759,2010,0.4632768361581921,0.2117161716171617,0.17649647887323944,0.1852516501650165,0.1735052103189732,0.11458241758241759
634,13,GTB,759,2011,0.559322033898305,0.3034313725490196,0.33207947530864196,0.2275735294117647,0.23926077717061325,0.1647420081527569
635,13,GTB,759,2012,0.4576271186440678,0.2530106686413252,0.2402391041162228,0.18975800148099392,0.2026720108049098,0.13079307708073848
636,13,GTB,759,2013,0.576271186440678,0.3163398692810458,0.2404639595564253,0.23725490196078433,0.2315696274975172,0.16055089231699937
637,13,GTB,759,2014,0.6497175141242938,0.40275198938992046,0.42681104750070264,0.3452159909056461,0.3314663510324107,0.24348191908342284
638,13,GTB,759,2015,0.6214689265536724,0.3048872180451128,0.28825136612021857,0.2667763157894737,0.2619749447310243,0.1867088607594937
639,13,GTB,759,2016,0.5819209039548022,0.29643499775078724,0.26919073640385116,0.25408714092924617,0.2570280808779598,0.18104520560660914
640,13,GTB,759,2017,0.5649717514124294,0.26386077372919475,0.2562346329469617,0.22616637748216695,0.23380862702896602,0.1637218045112782
641,13,GTB,759,2018,0.632768361581921,0.3121794871794872,0.2845273006563329,0.2675824175824176,0.27476824062958516,0.19541518489605922
642,13,GTB,759,2019,0.5706214689265536,0.3227578767250679,0.29615384615384616,0.2766496086214868,0.28264400131880446,0.19457740348918134
643,13,GTB,759,2020,0.576271186440678,0.3422282322890842,0.3291208791208791,0.29333848481921504,0.2992887180103328,0.20913120239021196
644,13,GTB,759,2021,0.5310734463276836,0.22483391196262484,0.2147367294520548,0.19672967296729674,0.19995334781639929,0.1400415863496823
645,13,GTB,759,2022,0.5310734463276836,0.3438092085559811,0.27236363358405186,0.3008330574864835,0.2699438970990695,0.18670298627925747
646,13,GTB,7621,1985,0.515625,0.3488095238095238,0.2518518518518519,0.27904761904761904,0.2434959349593496,0.17521008403361343
647,13,GTB,7621,1986,0.5625,0.39880952380952384,0.33333333333333337,0.39880952380952384,0.3476851851851852,0.26742919389978215
648,13,GTB,7621,1987,0.53125,0.3753472222222222,0.4325,0.3753472222222222,0.3392857142857143,0.24353336170615214
649,13,GTB,7621,1988,0.546875,0.3940972222222222,0.30578231292517005,0.3940972222222222,0.33531409168081494,0.2528846153846154
650,13,GTB,7621,1989,0.546875,0.37962962962962965,0.2944444444444444,0.37962962962962965,0.32638888888888884,0.24234693877551022
651,13,GTB,7621,1990,0.546875,0.37962962962962965,0.30147058823529416,0.37962962962962965,0.3289628180039139,0.24543478260869567
652,13,GTB,7621,1991,0.484375,0.3325,0.2729591836734694,0.3325,0.28100158982511925,0.19576923076923075
653,13,GTB,7621,1992,0.546875,0.38967611336032393,0.29240576496674053,0.38967611336032393,0.33218056061157625,0.25061374795417346
654,13,GTB,7621,1993,0.546875,0.3813888888888889,0.5442154255319149,0.3813888888888889,0.3388157894736842,0.2412358276643991
655,13,GTB,7621,1994,0.53125,0.36095238095238097,0.3137755102040816,0.36095238095238097,0.3125482625482625,0.22732843137254902
656,13,GTB,7621,1995,0.453125,0.2981818181818182,0.2712121212121212,0.2981818181818182,0.24052419354838708,0.16087719298245612
657,13,GTB,7621,1996,0.53125,0.3600543478260869,0.28771929824561404,0.3600543478260869,0.30693581780538304,0.22144396551724138
658,13,GTB,7621,1997,0.453125,0.30525362318840576,0.27685185185185185,0.30525362318840576,0.2470862470862471,0.16552197802197802
659,13,GTB,7621,1998,0.5625,0.37130434782608696,0.3229166666666667,0.37130434782608696,0.3242009132420091,0.24
660,13,GTB,7621,1999,0.515625,0.34375,0.2892512077294686,0.34375,0.2976190476190476,0.2120689655172414
661,13,GTB,7621,2000,0.546875,0.38333333333333336,0.35238095238095235,0.3066666666666667,0.30207336523125994,0.21084316141524378
662,13,GTB,7621,2001,0.578125,0.38541666666666663,0.3195906432748538,0.38541666666666663,0.3338388945062353,0.2509498480243161
663,13,GTB,7621,2002,0.59375,0.3930434782608696,0.33333333333333337,0.3930434782608696,0.3448986602542082,0.2640224358974359
664,13,GTB,7621,2003,0.546875,0.3630434782608696,0.2895021645021645,0.3630434782608696,0.3159203980099502,0.23138297872340424
665,13,GTB,7621,2004,0.59375,0.39909090909090905,0.35578231292517004,0.39909090909090905,0.35135135135135137,0.27217391304347827
666,13,GTB,7621,2005,0.59375,0.4031818181818182,0.32447397563676633,0.4031818181818182,0.35208618331053354,0.2751636661211129
667,13,GTB,7621,2006,0.546875,0.36772727272727274,0.30819774718397996,0.36772727272727274,0.3194444444444444,0.235
668,13,GTB,7621,2007,0.5625,0.37133699633699635,0.2692307692307693,0.29706959706959707,0.2609907120743034,0.19369138959931798
669,13,GTB,7621,2008,0.59375,0.40181818181818185,0.2647619047619048,0.3214545454545455,0.28372423596304197,0.22085470085470088
670,13,GTB,7621,2009,0.515625,0.3547619047619048,0.2821637426900585,0.3547619047619048,0.3053571428571429,0.22037037037037038
671,13,GTB,7621,2010,0.546875,0.37784090909090906,0.3085748792270531,0.37784090909090906,0.32499999999999996,0.24175824175824173
672,13,GTB,7621,2011,0.59375,0.4109848484848485,0.3327485380116959,0.4109848484848485,0.35454224107458465,0.2770212765957447
673,13,GTB,7621,2012,0.625,0.43861892583120204,0.5892857142857143,0.43861892583120204,0.3938616938616939,0.3071009872480461
674,13,GTB,7621,2013,0.546875,0.38541666666666663,0.2755102040816327,0.3083333333333333,0.26078576723498886,0.19379591836734694
675,13,GTB,7621,2014,0.59375,0.4200089126559715,0.5888888888888889,0.4200089126559715,0.374970386164416,0.28268247098170374
676,13,GTB,7621,2015,0.59375,0.41382575757575757,0.3117948717948718,0.41382575757575757,0.34961525593844095,0.2714285714285714
677,13,GTB,7621,2016,0.625,0.43,0.35,0.43,0.3666666666666667,0.29166666666666663
678,13,GTB,7621,2017,0.578125,0.3873913043478261,0.31866002214839423,0.3873913043478261,0.3362977602108037,0.2552473763118441
679,13,GTB,7621,2018,0.5625,0.38318840579710145,0.5535714285714286,0.38318840579710145,0.35131688963210705,0.2532608695652174
680,13,GTB,7621,2019,0.59375,0.3991304347826087,0.34178743961352653,0.3991304347826087,0.3454668014829794,0.2651694247438928
681,13,GTB,7621,2020,0.640625,0.43,0.3646198830409356,0.43,0.37366310160427807,0.30085470085470084
682,13,GTB,7621,2021,0.640625,0.4291304347826087,0.36540697674418604,0.4291304347826087,0.37777777777777777,0.3076923076923077
683,13,GTB,7621,2022,0.65625,0.4405594405594406,0.3563096500530223,0.4405594405594406,0.38095238095238093,0.3125
684,13,GTB,7622,1985,0.4380165289256198,0.3035893574297189,0.36628222523744913,0.2428714859437751,0.28914285714285715,0.19682539682539685
685,13,GTB,7622,1986,0.7107438016528925,0.39791666666666664,0.45007861635220126,0.39791666666666664,0.38948626045400236,0.3073426573426573
686,13,GTB,7622,1987,0.743801652892562,0.4544836956521739,0.5606435643564356,0.4544836956521739,0.4502378759975445,0.35813679245283014
687,13,GTB,7622,1988,0.7272727272727273,0.45546958464178183,0.39,0.36437566771342544,0.34555240955240957,0.27754495567750104
688,13,GTB,7622,1989,0.7355371900826446,0.43942018194179155,0.5462635549269212,0.43942018194179155,0.4519404276356445,0.35202830188679246
689,13,GTB,7622,1990,0.71900826446281,0.4638463530706724,0.45662475822050286,0.4638463530706724,0.43033411675030175,0.3453836818521285
690,13,GTB,7622,1991,0.7272727272727273,0.42860460795243405,0.6119281045751634,0.42860460795243405,0.40694444444444444,0.3267022149302707
691,13,GTB,7622,1992,0.7024793388429752,0.4083054626532887,0.5931372549019608,0.4083054626532887,0.3875,0.302536231884058
692,13,GTB,7622,1993,0.6528925619834711,0.3433203270159792,0.34361463778939505,0.27465626161278334,0.274648342871476,0.20045945945945945
693,13,GTB,7622,1994,0.6776859504132231,0.388617960986382,0.4360071301247772,0.388617960986382,0.38473006905210294,0.2897222222222222
694,13,GTB,7622,1995,0.71900826446281,0.41280211017053126,0.5253501400560224,0.41280211017053126,0.42499999999999993,0.3268107476635514
695,13,GTB,7622,1996,0.6115702479338843,0.3016233766233766,0.3860796793965111,0.3016233766233766,0.3067919907807548,0.2190827190827191
696,13,GTB,7622,1997,0.6198347107438017,0.27938311688311684,0.3310064935064935,0.27938311688311684,0.2646258969788382,0.19426724137931034
697,13,GTB,7622,1998,0.6611570247933884,0.34015436318067893,0.4174528301886792,0.34015436318067893,0.33626706626706626,0.2503265765765766
698,13,GTB,7622,1999,0.6198347107438017,0.3164182308919151,0.36293363499245856,0.3164182308919151,0.3155753968253968,0.22515316541865216
699,13,GTB,7622,2000,0.6694214876033058,0.3374432584958901,0.4377314814814815,0.3374432584958901,0.3443847072879331,0.25861980939414564
700,13,GTB,7622,2001,0.6776859504132231,0.34647435897435896,0.3144345238095238,0.34647435897435896,0.3244535519125683,0.24924242424242427
701,13,GTB,7622,2002,0.6776859504132231,0.3725732600732601,0.5556202679091439,0.3725732600732601,0.3796523478786048,0.2766218872870249
702,13,GTB,7622,2003,0.7024793388429752,0.3576742489134228,0.45925925925925926,0.3576742489134228,0.3619729239658246,0.2772788316266577
703,13,GTB,7622,2004,0.6198347107438017,0.28685897435897434,0.2771877655055225,0.28685897435897434,0.26983435047951176,0.20025083612040134
704,13,GTB,7622,2005,0.6115702479338843,0.3267543859649123,0.2783163265306122,0.3267543859649123,0.3000437062937063,0.2213963963963964
705,13,GTB,7622,2006,0.6528925619834711,0.31112746902220584,0.40549242424242427,0.31112746902220584,0.30674152876280536,0.22593050065876152
706,13,GTB,7622,2007,0.6363636363636364,0.3065114709851552,0.30225148683092606,0.3065114709851552,0.2918918918918919,0.21820175438596492
707,13,GTB,7622,2008,0.6694214876033058,0.3024950721029152,0.5149211711711712,0.3024950721029152,0.30139492753623187,0.22169353634870875
708,13,GTB,7622,2009,0.6611570247933884,0.35370051635111877,0.3902025809242304,0.35370051635111877,0.3618551587301587,0.25973503147416194
709,13,GTB,7622,2010,0.6776859504132231,0.3333333333333333,0.2946298984034833,0.3333333333333333,0.3111111111111111,0.23809523809523808
710,13,GTB,7622,2011,0.6611570247933884,0.3482142857142857,0.3794182621502209,0.3482142857142857,0.3574421204946067,0.25941117456397594
711,13,GTB,7622,2012,0.6942148760330579,0.34383247274813544,0.42990654205607476,0.34383247274813544,0.33548182049326214,0.2531461900930927
712,13,GTB,7622,2013,0.6694214876033058,0.347819850831899,0.4073844884488449,0.347819850831899,0.35721028374701536,0.25753246753246756
713,13,GTB,7622,2014,0.6611570247933884,0.3086058519793459,0.37542115902964956,0.3086058519793459,0.31455601564297214,0.2283695652173913
714,13,GTB,7622,2015,0.7024793388429752,0.3557372346528973,0.4549065420560747,0.3557372346528973,0.3626315789473684,0.2710404811567202
715,13,GTB,7622,2016,0.7024793388429752,0.27764743183259355,0.3498412698412698,0.27764743183259355,0.2893682487725041,0.2131976131976132
716,13,GTB,7622,2017,0.6859504132231405,0.2605421686746988,0.2516835016835016,0.2605421686746988,0.2501454333915067,0.19223057644110275
717,13,GTB,7622,2018,0.6859504132231405,0.25128514056224904,0.3405405405405405,0.25128514056224904,0.24857177784116374,0.1861118313023939
718,13,GTB,7622,2019,0.6694214876033058,0.2665232358003442,0.3592391304347826,0.2665232358003442,0.24890671420083185,0.1920080532212885
719,13,GTB,7622,2020,0.6942148760330579,0.3244047619047619,0.3341779279279279,0.3244047619047619,0.3162004662004662,0.24378803245436104
720,13,GTB,7622,2021,0.71900826446281,0.31547619047619047,0.5339912280701754,0.31547619047619047,0.3258942364824718,0.2441483803552769
721,13,GTB,7622,2022,0.7024793388429752,0.3214285714285714,0.5535714285714286,0.3214285714285714,0.3177179962894249,0.23987411056376576
722,13,GTB,763,1985,0.5750636132315522,0.32286843591191416,0.3026819534632035,0.28250988142292494,0.28634009986027925,0.20850625147084006
723,13,GTB,763,1986,0.6743002544529262,0.4649372257638205,0.45959563922212476,0.4649372257638205,0.4524171410196444,0.36419488451501475
724,13,GTB,763,1987,0.7430025445292621,0.44115230947313394,0.36749494776990294,0.44115230947313394,0.3863691399306503,0.29456529864693126
725,13,GTB,763,1988,0.7404580152671756,0.4312569669574466,0.36462366241460614,0.4312569669574466,0.392492989397896,0.31340438037511215
726,13,GTB,763,1989,0.7379134860050891,0.40673185941043083,0.38659127891816597,0.40673185941043083,0.37969177989410113,0.30260572767433425
727,13,GTB,763,1990,0.7150127226463104,0.4433862433862434,0.38770864251818465,0.4433862433862434,0.39813645738015485,0.3045841063698207
728,13,GTB,763,1991,0.7175572519083969,0.41903838489876455,0.3818896903732535,0.41903838489876455,0.3756560292633789,0.28180267945611537
729,13,GTB,763,1992,0.6819338422391857,0.3579508798824694,0.3491958451716643,0.3579508798824694,0.34544927803815206,0.25781035322118245
730,13,GTB,763,1993,0.712468193384224,0.43390204737053395,0.33590403458984797,0.43390204737053395,0.36974116694328,0.2812852198289425
731,13,GTB,763,1994,0.727735368956743,0.42464685697444315,0.39277018633540367,0.42464685697444315,0.39977057668885496,0.3107584784693218
732,13,GTB,763,1995,0.712468193384224,0.4502382851067062,0.37418440934065933,0.3939584994683679,0.3771270195606866,0.3152987769645608
733,13,GTB,763,1996,0.7353689567430025,0.4161045303902447,0.3550449550449551,0.4161045303902447,0.3636235124607218,0.2804783633355062
734,13,GTB,763,1997,0.7175572519083969,0.3690221304633187,0.3594492497678647,0.3690221304633187,0.3601915126972074,0.27473497680264597
735,13,GTB,763,1998,0.6870229007633588,0.3981780124637267,0.2851645693730196,0.34840576090576086,0.3077701989958213,0.2278165014456836
736,13,GTB,763,1999,0.7251908396946565,0.4359855817368667,0.3698184493106235,0.4359855817368667,0.3889603721021733,0.2926142247770341
737,13,GTB,763,2000,0.7048346055979644,0.4396873076266975,0.44682124492989683,0.4396873076266975,0.437181403071814,0.3608685377268827
738,13,GTB,763,2001,0.7251908396946565,0.43216184400394925,0.39401962655786876,0.43216184400394925,0.3980267101319733,0.3039453881779707
739,13,GTB,763,2002,0.6793893129770993,0.38264283609111194,0.33993438140806564,0.38264283609111194,0.3549179369127848,0.259081987271168
740,13,GTB,763,2003,0.6844783715012722,0.39808323860047995,0.31840344809094806,0.39808323860047995,0.34487745008557985,0.26731305659004734
741,13,GTB,763,2004,0.7099236641221374,0.42103806155530293,0.36634906913746895,0.42103806155530293,0.3837932554125082,0.29367519351004073
742,13,GTB,763,2005,0.6946564885496184,0.5581355115006098,0.4711356608759206,0.5581355115006098,0.48174730566383855,0.374338098875914
743,13,GTB,763,2006,0.6717557251908397,0.4270012151591099,0.4307146753955265,0.4270012151591099,0.4273465630087111,0.3520388457946275
744,13,GTB,763,2007,0.7150127226463104,0.41302593605225185,0.38222058053990826,0.41302593605225185,0.3843137215948458,0.306930767022227
745,13,GTB,763,2008,0.6921119592875318,0.424172140120416,0.4174603174603175,0.424172140120416,0.4081590196920989,0.34007208547605783
746,13,GTB,763,2009,0.7379134860050891,0.43575195247313264,0.4849086280677945,0.43575195247313264,0.449992096806202,0.372768704164053
747,13,GTB,763,2010,0.7175572519083969,0.464855320118478,0.4130052581335098,0.464855320118478,0.4280286334672323,0.3295289961530371
748,13,GTB,763,2011,0.6844783715012722,0.41277404350662245,0.36845301215379955,0.41277404350662245,0.38392483092943924,0.3013222126599521
749,13,GTB,763,2012,0.7175572519083969,0.3705894748098037,0.4229515729736871,0.3705894748098037,0.37761628521904467,0.29874383321947323
750,13,GTB,763,2013,0.7099236641221374,0.42651067377314833,0.4338063719600324,0.42651067377314833,0.42318329387294906,0.35185000002752254
751,13,GTB,763,2014,0.7531806615776081,0.42150002133609765,0.4163572594146693,0.42150002133609765,0.41804838329247057,0.31944342519213426
752,13,GTB,763,2015,0.7506361323155216,0.4107767939390521,0.41329441168150843,0.4107767939390521,0.40754565406701176,0.31026984598413165
753,13,GTB,763,2016,0.7684478371501272,0.4350456728505509,0.43669715377789914,0.4350456728505509,0.43508190632574867,0.37572488014448385
754,13,GTB,763,2017,0.7608142493638677,0.43832678267851566,0.40217772935927065,0.3835359348437012,0.37756596335788883,0.32295073187147166
755,13,GTB,763,2018,0.7582697201017812,0.45371749547576007,0.46394716394716395,0.45371749547576007,0.4563067707566161,0.3859383218170211
756,13,GTB,763,2019,0.7150127226463104,0.44349766040717553,0.45867013042745264,0.44349766040717553,0.4476994050997846,0.3686554030732396
757,13,GTB,763,2020,0.7022900763358778,0.4327156866781189,0.3559222257184812,0.4327156866781189,0.37492784992784994,0.2740626225118536
758,13,GTB,763,2021,0.7302798982188295,0.49086348621952336,0.45853937276581025,0.49086348621952336,0.4593877238004633,0.3501276845034417
759,13,GTB,763,2022,0.6895674300254453,0.3498230373230373,0.30949564835894516,0.3498230373230373,0.3226760201571911,0.2512268368886016
760,13,GTB,764,1985,0.6447368421052632,0.31091091091091094,0.25910364145658266,0.31091091091091094,0.2824652417514007,0.21916583912611717
761,13,GTB,764,1986,0.618421052631579,0.2896825396825397,0.25772549019607843,0.2896825396825397,0.2691823899371069,0.20285714285714285
762,13,GTB,764,1987,0.6710526315789473,0.3182539682539683,0.2727536231884058,0.3182539682539683,0.2931875525651808,0.2316561844863732
763,13,GTB,764,1988,0.6710526315789473,0.31309297912713474,0.27776962582538517,0.31309297912713474,0.29160493827160494,0.22998470168281487
764,13,GTB,764,1989,0.6578947368421053,0.3055028462998102,0.28205128205128205,0.3055028462998102,0.2849894291754757,0.22142857142857145
765,13,GTB,764,1990,0.618421052631579,0.2890151515151515,0.2553623188405797,0.2890151515151515,0.26851776235198044,0.2025925925925926
766,13,GTB,764,1991,0.5657894736842105,0.26344696969696973,0.25,0.26344696969696973,0.24122731201382885,0.17288435976960567
767,13,GTB,764,1992,0.6842105263157895,0.3198863636363637,0.2812903225806451,0.3198863636363637,0.2971916971916972,0.2374613003095975
768,13,GTB,764,1993,0.631578947368421,0.29507575757575755,0.26778115501519756,0.29507575757575755,0.27666666666666667,0.21208576998050682
769,13,GTB,764,1994,0.5789473684210527,0.27234848484848484,0.275,0.27234848484848484,0.24472049689440994,0.1767741935483871
770,13,GTB,764,1995,0.6052631578947368,0.28295454545454546,0.2687707641196013,0.28295454545454546,0.2729824561403508,0.20809716599190287
771,13,GTB,764,1996,0.6578947368421053,0.3073863636363637,0.23264944275582575,0.25615530303030304,0.2402777777777778,0.1885092639809621
772,13,GTB,764,1997,0.618421052631579,0.28977272727272724,0.23027777777777778,0.2414772727272727,0.22902298850574712,0.17484150817484148
773,13,GTB,764,1998,0.6578947368421053,0.3083491461100569,0.2724014336917563,0.3083491461100569,0.2854251012145749,0.22303921568627452
774,13,GTB,764,1999,0.631578947368421,0.29487666034155596,0.25588850174216027,0.29487666034155596,0.27294685990338163,0.20893023255813953
775,13,GTB,764,2000,0.631578947368421,0.2980952380952381,0.2650036683785767,0.2980952380952381,0.27362012987012985,0.2083489681050657
776,13,GTB,764,2001,0.6842105263157895,0.31444444444444447,0.2821637426900585,0.31444444444444447,0.29640522875816994,0.23710594315245476
777,13,GTB,764,2002,0.631578947368421,0.29226467847157506,0.26233766233766237,0.29226467847157506,0.27251509054325956,0.20797773654916513
778,13,GTB,764,2003,0.6710526315789473,0.3114631873252563,0.2778409090909091,0.3114631873252563,0.2880285884455033,0.22653061224489796
779,13,GTB,764,2004,0.631578947368421,0.2967381174277726,0.2810897435897436,0.2967381174277726,0.2759018759018759,0.21115384615384616
780,13,GTB,764,2005,0.6447368421052632,0.3006523765144455,0.2679569892473118,0.3006523765144455,0.27678855325914153,0.21227906976744187
781,13,GTB,764,2006,0.631578947368421,0.29375582479030754,0.2712121212121212,0.29375582479030754,0.2752811286035576,0.21104761904761907
782,13,GTB,764,2007,0.6710526315789473,0.3114631873252563,0.2778409090909091,0.3114631873252563,0.2880285884455033,0.22653061224489796
783,13,GTB,764,2008,0.6710526315789473,0.3097744360902256,0.27303135888501745,0.3097744360902256,0.28644034147309905,0.22543520309477758
784,13,GTB,764,2009,0.6973684210526315,0.3333976833976834,0.31020408163265306,0.3333976833976834,0.30533910533910535,0.24854054054054053
785,13,GTB,764,2010,0.6710526315789473,0.3198830409356725,0.2843478260869565,0.3198830409356725,0.29033037872683315,0.22966650074664013
786,13,GTB,764,2011,0.6973684210526315,0.33076923076923076,0.2887949260042283,0.33076923076923076,0.3,0.24285714285714288
787,13,GTB,764,2012,0.631578947368421,0.3,0.26420454545454547,0.3,0.27211267605633804,0.20844155844155843
788,13,GTB,764,2013,0.618421052631579,0.30769230769230765,0.29454545454545455,0.30769230769230765,0.26839506172839506,0.20223776223776224
789,13,GTB,764,2014,0.6710526315789473,0.3282051282051282,0.30196078431372547,0.3282051282051282,0.29131493506493505,0.23016591251885368
790,13,GTB,764,2015,0.6447368421052632,0.3123076923076923,0.292,0.3123076923076923,0.27927125506072875,0.2151123864179818
791,13,GTB,764,2016,0.6973684210526315,0.33034146341463416,0.2944767441860465,0.33034146341463416,0.29967767929089445,0.24175710594315242
792,13,GTB,764,2017,0.631578947368421,0.3090731707317073,0.28611764705882353,0.3090731707317073,0.27177033492822966,0.20659340659340658
793,13,GTB,764,2018,0.6052631578947368,0.2899512195121951,0.2637181409295352,0.2899512195121951,0.26116700201207244,0.1951111111111111
794,13,GTB,764,2019,0.618421052631579,0.2979512195121951,0.2702380952380953,0.2979512195121951,0.2654754814373635,0.19991087344028521
795,13,GTB,764,2020,0.5657894736842105,0.27153846153846156,0.21245421245421245,0.22628205128205128,0.20444444444444443,0.14814814814814814
796,13,GTB,764,2021,0.5921052631578947,0.28692307692307695,0.26619607843137255,0.28692307692307695,0.25486513486513485,0.18751076658053403
797,13,GTB,764,2022,0.6052631578947368,0.3024390243902439,0.2909090909090909,0.3024390243902439,0.2604838709677419,0.19334811529933482
798,13,GTB,765,1985,0.6597510373443983,0.5053148889697853,0.3371251947040498,0.5053148889697853,0.3789567279193835,0.2809224318658281
799,13,GTB,765,1986,0.7178423236514523,0.5205314888969785,0.3514590265544464,0.4337762407474821,0.3852911341042808,0.31369618792931675
800,13,GTB,765,1987,0.6887966804979253,0.4155276156264033,0.3993941553813258,0.3462730130220027,0.3543458622992027,0.27487828627069133
801,13,GTB,765,1988,0.7053941908713693,0.517007874015748,0.405887049941928,0.43083989501312336,0.41476614218083957,0.3643341307814992
802,13,GTB,765,1989,0.7302904564315352,0.5202408602150538,0.4191282051282051,0.4335340501792115,0.42592893401015225,0.3788060026098304
803,13,GTB,765,1990,0.7012448132780082,0.4254701880752301,0.3502826941986234,0.4254701880752301,0.38093430349045665,0.3081748415081748
804,13,GTB,765,1991,0.7053941908713693,0.42414529914529914,0.348479340845753,0.42414529914529914,0.3802845528455285,0.30726495726495723
805,13,GTB,765,1992,0.6970954356846473,0.41960113960113965,0.3060185185185185,0.41960113960113965,0.3396959832531521,0.25976734050755973
806,13,GTB,765,1993,0.7219917012448133,0.43067226890756305,0.3260100461252385,0.43067226890756305,0.3640025351866422,0.28707958877995643
807,13,GTB,765,1994,0.7136929460580913,0.42533898305084744,0.41104379654171397,0.42533898305084744,0.41726362699125347,0.3674351092896175
808,13,GTB,765,1995,0.6887966804979253,0.4180164819551009,0.4045038167938932,0.4180164819551009,0.4107300973999839,0.35917467948717946
809,13,GTB,765,1996,0.6721991701244814,0.3305731142014328,0.3963001179245283,0.3305731142014328,0.34820781155074765,0.26770587309085186
810,13,GTB,765,1997,0.6846473029045643,0.33511026829610896,0.4007468553459119,0.33511026829610896,0.3526825667457098,0.27306084719877827
811,13,GTB,765,1998,0.6721991701244814,0.33094354475933424,0.3950374258773209,0.33094354475933424,0.3477633477633477,0.2673611111111111
812,13,GTB,765,1999,0.6804979253112033,0.33288349077822765,0.31461746653134215,0.33288349077822765,0.3233879888086408,0.24318268497330278
813,13,GTB,765,2000,0.7427385892116183,0.35598398651495994,0.41701087214546834,0.35598398651495994,0.37202380952380953,0.2978377344048986
814,13,GTB,765,2001,0.7302904564315352,0.3509973310858267,0.41429429429429426,0.3509973310858267,0.3683343707853512,0.2928271783233615
815,13,GTB,765,2002,0.7053941908713693,0.4238496071829405,0.40746574657465745,0.4238496071829405,0.41412585571353344,0.3639969336399693
816,13,GTB,765,2003,0.6763485477178424,0.3328272604588394,0.3969607843137255,0.3328272604588394,0.3482606438213915,0.2678403755868544
817,13,GTB,765,2004,0.7261410788381742,0.4318207377417904,0.3554669731140319,0.4318207377417904,0.3874763004807848,0.3165793328825783
818,13,GTB,765,2005,0.7012448132780082,0.42230639730639735,0.4083206106870229,0.42230639730639735,0.4138340970976954,0.36351732473811443
819,13,GTB,765,2006,0.7095435684647303,0.4250764525993884,0.40609679141789234,0.4250764525993884,0.4149001236254799,0.3649093223561309
820,13,GTB,765,2007,0.6929460580912863,0.4191358024691358,0.4015234746942064,0.4191358024691358,0.4097895568483804,0.3583511396011396
821,13,GTB,765,2008,0.7095435684647303,0.34327217125382264,0.4096459096459097,0.34327217125382264,0.36157058008229165,0.2839989296942939
822,13,GTB,765,2009,0.6763485477178424,0.33103975535168195,0.315088080530771,0.33103975535168195,0.3202442244224422,0.24033401239283592
823,13,GTB,765,2010,0.7095435684647303,0.34327217125382264,0.4092128038226188,0.34327217125382264,0.3619793706750228,0.28461590115498253
824,13,GTB,765,2011,0.7095435684647303,0.42393661384487075,0.4094388703084355,0.42393661384487075,0.4164667322189446,0.3665543090003522
825,13,GTB,765,2012,0.7676348547717843,0.4452369035702369,0.42711663276179407,0.4452369035702369,0.43555193124158637,0.39218039643571556
826,13,GTB,765,2013,0.6970954356846473,0.4197530864197531,0.32609057609057607,0.4197530864197531,0.35540127717951076,0.2761235587002096
827,13,GTB,765,2014,0.7468879668049793,0.43709300384037403,0.3374969204237497,0.43709300384037403,0.3731167608286252,0.2996402877697842
828,13,GTB,765,2015,0.7385892116182573,0.35228916332888294,0.4183241590214067,0.35228916332888294,0.3709954680418815,0.2968487394957983
829,13,GTB,765,2016,0.7427385892116183,0.3542640186915888,0.2967182890855457,0.3542640186915888,0.31812367433512806,0.250088841506752
830,13,GTB,765,2017,0.7095435684647303,0.34187249666221625,0.40774542469457725,0.34187249666221625,0.3605935127674258,0.2830687830687831
831,13,GTB,765,2018,0.7551867219917012,0.4400428563477487,0.323787271918113,0.4400428563477487,0.3600739724259083,0.2867965367965368
832,13,GTB,765,2019,0.7385892116182573,0.35238214504369125,0.28840090090090087,0.35238214504369125,0.3094875496924507,0.24374664519592057
833,13,GTB,765,2020,0.7468879668049793,0.3556808688387636,0.3118439367886678,0.3556808688387636,0.33054875620916313,0.26037305421363394
834,13,GTB,765,2021,0.7261410788381742,0.3471152773127999,0.2920704623460529,0.3471152773127999,0.3123695353969106,0.24266912345354041
835,13,GTB,765,2022,0.7759336099585062,0.44861064613324403,0.3477751756440281,0.44861064613324403,0.38331384015594544,0.313614081996435
836,13,GTB,766,1985,0.7640449438202247,0.3441753991277406,0.41655028889071444,0.3441753991277406,0.3676016741688383,0.2889471824521171
837,13,GTB,766,1986,0.7902621722846442,0.36142455105869736,0.43991537846481876,0.36142455105869736,0.37561860190291757,0.3158129023421449
838,13,GTB,766,1987,0.7640449438202247,0.31800774571613566,0.4331450094161959,0.31800774571613566,0.341036003766631,0.26994631294287397
839,13,GTB,766,1988,0.7640449438202247,0.30828551978994456,0.3608221993833505,0.30828551978994456,0.3222404203317014,0.260211986326636
840,13,GTB,766,1989,0.7453183520599251,0.3353081064828758,0.5022036100575924,0.3353081064828758,0.3572983583332422,0.28904533566660334
841,13,GTB,766,1990,0.7453183520599251,0.3421844941629114,0.49751483084816417,0.3421844941629114,0.3700134745157084,0.2941366543061458
842,13,GTB,766,1991,0.7640449438202247,0.36005151922418105,0.4003457601588443,0.36005151922418105,0.37537727624978307,0.3045403738255165
843,13,GTB,766,1992,0.7153558052434457,0.33698954060416403,0.3856839323655971,0.33698954060416403,0.35487999003069426,0.2820385694725539
844,13,GTB,766,1993,0.7640449438202247,0.3427639501855578,0.5039985459832789,0.3427639501855578,0.36117973505191553,0.294208029107358
845,13,GTB,766,1994,0.7715355805243446,0.3555759055759055,0.5065131929637526,0.3555759055759055,0.38059414948457465,0.3074951574472188
846,13,GTB,766,1995,0.7640449438202247,0.35004635004635004,0.5031224428269951,0.35004635004635004,0.3766926506561452,0.30268369138455054
847,13,GTB,766,1996,0.7378277153558053,0.34308484308484305,0.4945729314519495,0.34308484308484305,0.3693973318679702,0.2925269437040416
848,13,GTB,766,1997,0.7078651685393258,0.344482835460279,0.38280719264449964,0.344482835460279,0.35757778896678666,0.28328239089828494
849,13,GTB,766,1998,0.7228464419475655,0.3289494966186695,0.39772829131652665,0.3289494966186695,0.34670314459723617,0.2771256845818249
850,13,GTB,766,1999,0.7528089887640449,0.328285034707053,0.36191669650316266,0.328285034707053,0.3397631901283854,0.28177974848687526
851,13,GTB,766,2000,0.7528089887640449,0.33663550768813927,0.39515650496958904,0.33663550768813927,0.3545626391956667,0.28775050105339167
852,13,GTB,766,2001,0.7116104868913857,0.32224025974025977,0.38698979591836735,0.32224025974025977,0.3426120448179271,0.2607433217189315
853,13,GTB,766,2002,0.7790262172284644,0.3341558529528454,0.42474179363943143,0.3341558529528454,0.3601727483446209,0.28507026635105454
854,13,GTB,766,2003,0.7902621722846442,0.3928603597082959,0.4515433179359181,0.3928603597082959,0.41503551840263186,0.3414704343275772
855,13,GTB,766,2004,0.7565543071161048,0.352372243349687,0.5046019114984632,0.352372243349687,0.36811450156985875,0.3030355107726261
856,13,GTB,766,2005,0.7640449438202247,0.31855333721005363,0.43888888888888883,0.31855333721005363,0.3453444736549865,0.27461598076426286
857,13,GTB,766,2006,0.7565543071161048,0.3151181981457211,0.4291534329946622,0.3151181981457211,0.33861192883997104,0.2660202979837683
858,13,GTB,766,2007,0.7378277153558053,0.32143099849521867,0.44915936776401894,0.32143099849521867,0.35120475156354675,0.2697700267730295
859,13,GTB,766,2008,0.8014981273408239,0.3629129280505427,0.5140020855057351,0.3629129280505427,0.3888332255979315,0.31927514261076373
860,13,GTB,766,2009,0.7602996254681648,0.3961999329646389,0.5012802636582583,0.3961999329646389,0.40413539990145547,0.34860367352036153
861,13,GTB,766,2010,0.7602996254681648,0.39783391989274336,0.4323174603174603,0.39783391989274336,0.4014067309137044,0.3477114121510673
862,13,GTB,766,2011,0.7677902621722846,0.3985731044554574,0.4348275024295432,0.3985731044554574,0.40339454766808747,0.3506177520776061
863,13,GTB,766,2012,0.7752808988764045,0.4037526023137534,0.424236641221374,0.4037526023137534,0.4046228533945159,0.3535952645796917
864,13,GTB,766,2013,0.797752808988764,0.41022917040268825,0.46586946528081447,0.41022917040268825,0.4141523785376985,0.3640313031974944
865,13,GTB,766,2014,0.8089887640449438,0.3560704001880472,0.44540145985401464,0.3560704001880472,0.37348287332554164,0.3119947915149924
866,13,GTB,766,2015,0.8202247191011236,0.36927447035152083,0.4488311688311688,0.36927447035152083,0.3921260569360854,0.3262106478583253
867,13,GTB,766,2016,0.8164794007490637,0.4160650175563183,0.47057120720628676,0.4160650175563183,0.42120308846561183,0.3725661131321508
868,13,GTB,766,2017,0.7752808988764045,0.3338264883418156,0.36337589222881267,0.3338264883418156,0.34335780723514453,0.28722452836556306
869,13,GTB,766,2018,0.7715355805243446,0.4159682670837391,0.4744398615820196,0.4159682670837391,0.4247854770728621,0.36607142857142855
870,13,GTB,766,2019,0.7790262172284644,0.3710149418164291,0.4736778673342524,0.3710149418164291,0.3975741751291966,0.3204758793930768
871,13,GTB,766,2020,0.7752808988764045,0.43742684018453487,0.5076558607835281,0.43742684018453487,0.4434612306461046,0.34690942780146133
872,13,GTB,766,2021,0.7602996254681648,0.4378596511936731,0.5001152025470236,0.4378596511936731,0.4291549053356283,0.3350851956683551
873,13,GTB,766,2022,0.7677902621722846,0.4159682670837391,0.473304233921354,0.4159682670837391,0.42382769901853873,0.3648206960912689
874,13,GTB,767,1985,0.7128712871287128,0.314344685242518,0.2817204301075269,0.314344685242518,0.29708760216415336,0.2366656951326144
875,13,GTB,767,1986,0.7326732673267327,0.3151515151515151,0.2523809523809524,0.2626262626262626,0.2545454545454546,0.20634920634920637
876,13,GTB,767,1987,0.7821782178217822,0.3487487487487487,0.3114035087719298,0.3487487487487487,0.3287287287287287,0.27903846153846157
877,13,GTB,767,1988,0.7425742574257426,0.40375243664717353,0.37563344594594594,0.40375243664717353,0.3882485875706215,0.31733091787439616
878,13,GTB,767,1989,0.7623762376237624,0.41569908079342044,0.38420181968569067,0.41569908079342044,0.39871794871794874,0.3315602836879432
879,13,GTB,767,1990,0.7128712871287128,0.3887276245766812,0.3574795081967213,0.3887276245766812,0.37214079502553854,0.29640845070422533
880,13,GTB,767,1991,0.7128712871287128,0.3836477987421384,0.3628182616330114,0.3836477987421384,0.3697488584474886,0.29370327774583094
881,13,GTB,767,1992,0.7623762376237624,0.41739235607160136,0.3844262295081967,0.41739235607160136,0.39990006662225186,0.33325624421831634
882,13,GTB,767,1993,0.7128712871287128,0.3853410740203193,0.29285714285714287,0.30827285921625547,0.29917241379310344,0.2392605633802817
883,13,GTB,767,1994,0.6633663366336634,0.3569688109161793,0.33205128205128204,0.3569688109161793,0.3428344310697252,0.26144736842105265
884,13,GTB,767,1995,0.7425742574257426,0.40528846153846154,0.3761373035566584,0.40528846153846154,0.3891849877859205,0.3186011904761905
885,13,GTB,767,1996,0.7128712871287128,0.3904761904761905,0.28767676767676764,0.31238095238095237,0.2995073891625616,0.23944055944055945
886,13,GTB,767,1997,0.7128712871287128,0.38857142857142857,0.3616625310173697,0.38857142857142857,0.3726851851851852,0.29705882352941176
887,13,GTB,767,1998,0.6336633663366337,0.3438095238095238,0.32361111111111107,0.3438095238095238,0.3298216276477146,0.24621400198609733
888,13,GTB,767,1999,0.6831683168316832,0.3733981964878975,0.2868421052631579,0.29871855719031803,0.29174812457376675,0.22962545761757253
889,13,GTB,767,2000,0.693069306930693,0.38142857142857145,0.28004817342432753,0.30514285714285716,0.29200392712992257,0.229978354978355
890,13,GTB,767,2001,0.7128712871287128,0.3901281442809682,0.35846030473135526,0.3901281442809682,0.3729623994783743,0.2974018794914317
891,13,GTB,767,2002,0.693069306930693,0.3738095238095238,0.2917251051893408,0.29904761904761906,0.2882468055715437,0.22578828828828829
892,13,GTB,767,2003,0.7326732673267327,0.4014285714285714,0.3663690476190476,0.4014285714285714,0.38305139882888745,0.3104700854700855
893,13,GTB,767,2004,0.6138613861386139,0.33333333333333337,0.32417840375586854,0.33333333333333337,0.31671587553940495,0.23235150925024345
894,13,GTB,767,2005,0.7425742574257426,0.410541586073501,0.3094809094809095,0.3284332688588008,0.31438832772166103,0.25897045385318307
895,13,GTB,767,2006,0.6831683168316832,0.3771760154738878,0.2889483065953654,0.3017408123791102,0.2887224869525754,0.2258888888888889
896,13,GTB,767,2007,0.6534653465346535,0.36049323017408125,0.3372294372294372,0.36049323017408125,0.3415481124677943,0.25962781080382524
897,13,GTB,767,2008,0.6633663366336634,0.3673913043478261,0.3443722943722944,0.3673913043478261,0.34732142857142856,0.2662473794549266
898,13,GTB,767,2009,0.7227722772277227,0.40135396518375244,0.36472332015810277,0.40135396518375244,0.3807429130009775,0.3080357142857143
899,13,GTB,767,2010,0.6336633663366337,0.3538442940038685,0.2681318681318682,0.2830754352030948,0.2674871335869322,0.20095959595959595
900,13,GTB,767,2011,0.7029702970297029,0.3918036750483559,0.29628990509059533,0.3134429400386847,0.2991596638655462,0.23893653516295027
901,13,GTB,767,2012,0.7128712871287128,0.39801356589147285,0.2966666666666667,0.31841085271317826,0.3021182700794351,0.24284900284900285
902,13,GTB,767,2013,0.6831683168316832,0.38890243902439026,0.3030388031790556,0.3111219512195122,0.2886644219977553,0.22582417582417583
903,13,GTB,767,2014,0.7920792079207921,0.44338235294117645,0.4053030303030303,0.44338235294117645,0.4169289202387412,0.35913015669971216
904,13,GTB,767,2015,0.6435643564356436,0.3653846153846154,0.3414786967418546,0.3653846153846154,0.33954248366013073,0.257496251874063
905,13,GTB,767,2016,0.6732673267326733,0.3821996027805362,0.2825961140967342,0.30575968222442895,0.28501864443957003,0.22176906779661015
906,13,GTB,767,2017,0.6732673267326733,0.3803376365441906,0.3498789346246973,0.3803376365441906,0.35442213781877374,0.27561929595827905
907,13,GTB,767,2018,0.6831683168316832,0.38621794871794873,0.35809426229508196,0.38621794871794873,0.3602173913043478,0.2822966507177034
908,13,GTB,767,2019,0.7029702970297029,0.39903846153846156,0.369520264681555,0.39903846153846156,0.37052551408987056,0.29471153846153847
909,13,GTB,767,2020,0.7029702970297029,0.39743589743589747,0.36844262295081964,0.39743589743589747,0.3706521739130435,0.29532967032967034
910,13,GTB,767,2021,0.6534653465346535,0.3733974358974359,0.2848351648351648,0.2987179487179487,0.2771441202475685,0.21216356107660456
911,13,GTB,767,2022,0.6831683168316832,0.3163967611336032,0.2958333333333333,0.3163967611336032,0.2911764705882353,0.2290909090909091
912,13,GTB,771,1985,0.39655172413793105,0.2949381912817176,0.16293064876957494,0.18433636955107352,0.13634992458521872,0.090187420500318
913,13,GTB,771,1986,0.4896551724137931,0.2692342342342342,0.15999455337690632,0.16827139639639638,0.14369748982011238,0.10082015008619816
914,13,GTB,771,1987,0.5551724137931034,0.4012552934059286,0.3787452452865987,0.4012552934059286,0.37740691901625284,0.31223216508410684
915,13,GTB,771,1988,0.6413793103448275,0.6094690444827237,0.3429909546236077,0.435335031773374,0.33426270698997973,0.23603800164338087
916,13,GTB,771,1989,0.503448275862069,0.4208682043954548,0.1778590425531915,0.3156511532965911,0.1860749676214572,0.12342368869744694
917,13,GTB,771,1990,0.6103448275862069,0.4849206349206349,0.3112207436962692,0.3636904761904762,0.3020620895466537,0.25541373142844603
918,13,GTB,771,1991,0.6379310344827587,0.4393243519085528,0.22748875650234057,0.3294932639314146,0.24195511467567188,0.17481268798188676
919,13,GTB,771,1992,0.5172413793103449,0.4505465404552626,0.2465305527805528,0.38618274896165367,0.26348555815768926,0.18624321081217632
920,13,GTB,771,1993,0.5241379310344828,0.4510316252325384,0.28623737373737373,0.33827371892440383,0.27331242350061197,0.2258860807251732
921,13,GTB,771,1994,0.6137931034482759,0.41488779419813904,0.30980461706718687,0.36302681992337166,0.30401234567901236,0.25322046374677953
922,13,GTB,771,1995,0.5689655172413793,0.4024787997390737,0.2338539693065555,0.3521689497716895,0.2514556371268161,0.18068403253618445
923,13,GTB,771,1996,0.503448275862069,0.4285129285129285,0.1903691795867283,0.37494881244881245,0.20026517222525972,0.1332365616880837
924,13,GTB,771,1997,0.593103448275862,0.4075457875457875,0.30513402616621266,0.3566025641025641,0.2961365745967236,0.24860704270127273
925,13,GTB,771,1998,0.5344827586206896,0.34378737541528237,0.225364080430357,0.3008139534883721,0.23294890629299161,0.16781502510333618
926,13,GTB,771,1999,0.5896551724137931,0.47288468567251457,0.2692535255041427,0.40532973057644106,0.29064845873185885,0.21060275962236746
927,13,GTB,771,2000,0.6241379310344828,0.5292037637452182,0.4505190719219496,0.5292037637452182,0.45044377934544966,0.36635133013841564
928,13,GTB,771,2001,0.603448275862069,0.4255340501792115,0.3976437835641411,0.4255340501792115,0.39236320846938805,0.33068861200840893
929,13,GTB,771,2002,0.603448275862069,0.47587537910118555,0.27761119440279863,0.4078931820867305,0.29466243327629466,0.21448979591836734
930,13,GTB,771,2003,0.6344827586206897,0.3832371332371332,0.25443058470581403,0.3284889713461142,0.26701769467726916,0.19652127535353725
931,13,GTB,771,2004,0.6896551724137931,0.4726295609152752,0.3469122409486291,0.4726295609152752,0.35680054769511643,0.2533041788143829
932,13,GTB,771,2005,0.6655172413793103,0.42910906298003076,0.2697429962311963,0.42910906298003076,0.30173889486537203,0.21681013882879893
933,13,GTB,771,2006,0.6620689655172414,0.42699513601152944,0.2504988662131519,0.42699513601152944,0.2763702825330231,0.19757727652464493
934,13,GTB,771,2007,0.6137931034482759,0.46317480333873773,0.28010138010138014,0.46317480333873773,0.3050541961166125,0.22305721127909578
935,13,GTB,771,2008,0.6172413793103448,0.45001292779824675,0.373010773010773,0.45001292779824675,0.3774013656715748,0.30748545643755226
936,13,GTB,771,2009,0.6413793103448275,0.37389293296936604,0.2553986710963455,0.37389293296936604,0.27135037840330667,0.19866159195018254
937,13,GTB,771,2010,0.5896551724137931,0.4047771088000974,0.24440438034188033,0.3541799702000852,0.25416469200161923,0.1863982359672015
938,13,GTB,771,2011,0.6448275862068965,0.42104192104192106,0.3168933691260309,0.3684116809116809,0.3199587480623317,0.2664359721547677
939,13,GTB,771,2012,0.6172413793103448,0.49489795918367346,0.26275062656641607,0.4330357142857143,0.295439302481556,0.2102827727827728
940,13,GTB,771,2013,0.6551724137931034,0.49431127931968977,0.41595936213991774,0.49431127931968977,0.4147348587156435,0.351351458252249
941,13,GTB,771,2014,0.603448275862069,0.47612372675450887,0.4044122383252818,0.47612372675450887,0.3934413958299308,0.33295964989328836
942,13,GTB,771,2015,0.5896551724137931,0.457760956919914,0.41744545994181737,0.457760956919914,0.364849199331958,0.31161999167738047
943,13,GTB,771,2016,0.5586206896551724,0.5113746157224418,0.38522727272727275,0.5113746157224418,0.38127428127428126,0.3166498686702095
944,13,GTB,771,2017,0.6482758620689655,0.5539872408293461,0.4235701264669021,0.5539872408293461,0.4341350466876414,0.3610716606330642
945,13,GTB,771,2018,0.6344827586206897,0.4768740031897927,0.41346356355485997,0.4768740031897927,0.40208704173967363,0.3352705843828174
946,13,GTB,771,2019,0.6172413793103448,0.5771601673600827,0.585671943195883,0.5771601673600827,0.4632646430892045,0.37828377348028
947,13,GTB,771,2020,0.6793103448275862,0.5001704158145875,0.4275721208023439,0.5001704158145875,0.417844417420509,0.3590082712730344
948,13,GTB,771,2021,0.6413793103448275,0.41870400778446754,0.34728507202495645,0.41870400778446754,0.34871668997986094,0.294216996491687
949,13,GTB,771,2022,0.6344827586206897,0.4213795357960118,0.3508110565280798,0.4213795357960118,0.35189172519169576,0.2972454633291557
950,13,GTB,772,1985,0.19128329297820823,0.08561102549333997,0.14072658477736347,0.07490964730667247,0.08322981366459628,0.04993880140532323
951,13,GTB,772,1986,0.43341404358353514,0.2321626984126984,0.16504384269525765,0.2031423611111111,0.14348615646911922,0.09466264633587468
952,13,GTB,772,1987,0.5447941888619855,0.4672342711145951,0.2036256067961165,0.3504257033359463,0.19243272853866317,0.1330756411639977
953,13,GTB,772,1988,0.5254237288135594,0.2557529478988105,0.20040476190476192,0.19181471092410785,0.17658691549605426,0.1251210373550799
954,13,GTB,772,1989,0.4213075060532688,0.18742741087739712,0.1715155022446689,0.14057055815804784,0.1394297958887194,0.09456838223060285
955,13,GTB,772,1990,0.4648910411622276,0.2360394727416004,0.17803736045015114,0.1770296045562003,0.1567090806569481,0.10699490906194532
956,13,GTB,772,1991,0.5520581113801453,0.3007239913180508,0.1939823477686747,0.22554299348853807,0.18499945905009196,0.13075723989525811
957,13,GTB,772,1992,0.5399515738498789,0.3741433021806853,0.23541869082070088,0.280607476635514,0.2317954182371883,0.15760906347173953
958,13,GTB,772,1993,0.4891041162227603,0.2872116143885987,0.19795399347029782,0.21540871079144902,0.17635378108968114,0.1196611870327246
959,13,GTB,772,1994,0.5399515738498789,0.4155247933252269,0.20043692361972892,0.3116435949939202,0.17920104213509758,0.1251341598815692
960,13,GTB,772,1995,0.48426150121065376,0.2922625633932688,0.21935784777666736,0.20875897385233483,0.17776882844944947,0.12227449674523132
961,13,GTB,772,1996,0.5569007263922519,0.2881613336158791,0.19114588981239913,0.2161210002119093,0.1805416948382254,0.1261233279991651
962,13,GTB,772,1997,0.5447941888619855,0.4804688234740901,0.38180302169475827,0.4804688234740901,0.3791661564807411,0.30091641490092363
963,13,GTB,772,1998,0.46973365617433416,0.36763366548805315,0.31002107188295164,0.3216794573020465,0.2934801065274898,0.23762688584581262
964,13,GTB,772,1999,0.549636803874092,0.38730898863610486,0.2321957836070739,0.33889536505659174,0.23711791410389543,0.16264736150188464
965,13,GTB,772,2000,0.5956416464891041,0.4038308183045025,0.2742226463404098,0.3461407014038593,0.2756075249572446,0.19238012278081967
966,13,GTB,772,2001,0.6150121065375302,0.336864853468269,0.26685759489035055,0.336864853468269,0.2503213957759412,0.18189590516634543
967,13,GTB,772,2002,0.6077481840193705,0.5693443708609272,0.3601230410302855,0.48800946073793755,0.3815233305242101,0.2723984430442356
968,13,GTB,772,2003,0.549636803874092,0.3169332870419827,0.20952193071628863,0.27165710317884234,0.19836422729383194,0.13875373124767798
969,13,GTB,772,2004,0.6004842615012107,0.4911953855722853,0.2519997356595295,0.4297959623757496,0.2748904227721644,0.18735976846879102
970,13,GTB,772,2005,0.6053268765133172,0.5453358687096125,0.3010898066207801,0.46743074460823925,0.32890136528809577,0.2272199027602584
971,13,GTB,772,2006,0.5835351089588378,0.2878656773031151,0.20246763754045305,0.2518824676402257,0.19470919324577862,0.13824944572857212
972,13,GTB,772,2007,0.576271186440678,0.5786253395778785,0.308276136930622,0.4959645767810388,0.3368138122275238,0.22910651188493583
973,13,GTB,772,2008,0.6077481840193705,0.33535353535353535,0.23437544367776925,0.28744588744588745,0.22619007209087844,0.16205005155169344
974,13,GTB,772,2009,0.5375302663438256,0.303637473012297,0.2587665194282841,0.2602606911533974,0.21870989929870838,0.1548367100725749
975,13,GTB,772,2010,0.4600484261501211,0.1958630342088989,0.18658307874849606,0.17138015493278652,0.15401940241309398,0.10430239384208433
976,13,GTB,772,2011,0.5108958837772397,0.2963404522972239,0.22897546258201995,0.25400610196904905,0.21245013367611548,0.14539458572809275
977,13,GTB,772,2012,0.5738498789346247,0.31825115510600077,0.25346610580085416,0.2727867043765721,0.24275542387236307,0.1732552681524906
978,13,GTB,772,2013,0.6368038740920097,0.33550699569495696,0.2392646103683406,0.28757742488139165,0.23649631624765563,0.17211419579633586
979,13,GTB,772,2014,0.648910411622276,0.4159263705482193,0.31036414565826337,0.4159263705482193,0.3295267950440364,0.24213179803241916
980,13,GTB,772,2015,0.5569007263922519,0.5364875864875865,0.4402467739232445,0.5364875864875865,0.4534576854377797,0.35903024164387415
981,13,GTB,772,2016,0.6343825665859564,0.581080156402737,0.4734672525632977,0.581080156402737,0.49318836178779496,0.3950444688109162
982,13,GTB,772,2017,0.6561743341404358,0.49848591964180505,0.45488013698630136,0.49848591964180505,0.4646767298452692,0.38455844604163714
983,13,GTB,772,2018,0.6029055690072639,0.28377573645866333,0.2401283303264534,0.28377573645866333,0.24964418014151932,0.17832394063388515
984,13,GTB,772,2019,0.6779661016949152,0.45588933547581395,0.3179857308777169,0.45588933547581395,0.3560409084309658,0.26372298539063527
985,13,GTB,772,2020,0.6368038740920097,0.28789328681112736,0.19118573950891024,0.25190662595973645,0.1921871369776627,0.1400110590684361
986,13,GTB,772,2021,0.6150121065375302,0.41412872841444276,0.22112073645241662,0.41412872841444276,0.2334203420840907,0.16370862363492486
987,13,GTB,772,2022,0.612590799031477,0.3660567347572471,0.2717212633976685,0.3660567347572471,0.2868254697935973,0.19913012854653234
988,13,GTB,773,1985,0.44680851063829785,0.3642857142857142,0.23626373626373626,0.260204081632653,0.22804232804232802,0.1622757210992505
989,13,GTB,773,1986,0.5531914893617021,0.2217506631299735,0.2054958183990442,0.1847922192749779,0.19242424242424241,0.13876319758672698
990,13,GTB,773,1987,0.7021276595744681,0.3560606060606061,0.251984126984127,0.23737373737373738,0.2435257780945593,0.19672619047619047
991,13,GTB,773,1988,0.46808510638297873,0.22727272727272727,0.25142857142857145,0.18181818181818182,0.2095238095238095,0.14705882352941177
992,13,GTB,773,1989,0.5957446808510638,0.2727272727272727,0.20346320346320346,0.1818181818181818,0.19175360158966717,0.14514514514514515
993,13,GTB,773,1990,0.46808510638297873,0.21212121212121213,0.1875,0.1414141414141414,0.1611111111111111,0.11274509803921569
994,13,GTB,773,1991,0.46808510638297873,0.21904761904761905,0.16563146997929606,0.1251700680272109,0.1412151067323481,0.09816849816849817
995,13,GTB,773,1992,0.574468085106383,0.4548611111111111,0.22484848484848485,0.3638888888888889,0.21561771561771562,0.15679970436067997
996,13,GTB,773,1993,0.5106382978723404,0.16666666666666666,0.14814814814814814,0.1111111111111111,0.12698412698412698,0.10256410256410257
997,13,GTB,773,1994,0.6595744680851063,0.32528957528957525,0.2862068965517241,0.2602316602316602,0.2703030303030303,0.21118881118881117
998,13,GTB,773,1995,0.574468085106383,0.21271929824561403,0.16756272401433692,0.14181286549707603,0.15338164251207728,0.11592670894996476
999,13,GTB,773,1996,0.723404255319149,0.5372807017543859,0.2507936507936508,0.35818713450292394,0.27616789603090974,0.20887445887445888
1000,13,GTB,773,1997,0.6595744680851063,0.3900900900900901,0.20476190476190478,0.3250750750750751,0.22011784511784513,0.1624031007751938
1001,13,GTB,773,1998,0.425531914893617,0.17729729729729732,0.15238095238095237,0.12664092664092666,0.1238390092879257,0.08498168498168499
1002,13,GTB,773,1999,0.5531914893617021,0.48873873873873874,0.23190476190476192,0.390990990990991,0.24445628997867805,0.16645021645021646
1003,13,GTB,773,2000,0.574468085106383,0.25225225225225223,0.17445054945054947,0.16816816816816815,0.16329284750337383,0.12377450980392157
1004,13,GTB,773,2001,0.5957446808510638,0.2276315789473684,0.19419354838709676,0.18210526315789471,0.18318840579710144,0.14285714285714285
1005,13,GTB,773,2002,0.6808510638297872,0.38421052631578945,0.24772727272727274,0.30736842105263157,0.26,0.2
1006,13,GTB,773,2003,0.6595744680851063,0.29078947368421054,0.2202020202020202,0.23263157894736844,0.220523138832998,0.17142857142857143
1007,13,GTB,773,2004,0.6808510638297872,0.2973684210526316,0.23809523809523808,0.2378947368421053,0.2371108343711083,0.18397932816537468
1008,13,GTB,773,2005,0.7872340425531915,0.3736842105263158,0.32894736842105265,0.29894736842105263,0.31228070175438594,0.2619047619047619
1009,13,GTB,773,2006,0.7021276595744681,0.30394736842105263,0.21428571428571427,0.2026315789473684,0.20821917808219179,0.16468253968253968
1010,13,GTB,773,2007,0.6808510638297872,0.5842105263157895,0.2906451612903226,0.4673684210526316,0.32231884057971016,0.23658536585365858
1011,13,GTB,773,2008,0.7021276595744681,0.34736842105263155,0.2314285714285714,0.27789473684210525,0.24438356164383562,0.18953488372093025
1012,13,GTB,773,2009,0.44680851063829785,0.13125,0.175,0.10500000000000001,0.13125,0.09767441860465116
1013,13,GTB,773,2010,0.5531914893617021,0.23958333333333331,0.19241379310344825,0.19166666666666665,0.17569676700111483,0.1303030303030303
1014,13,GTB,773,2011,0.425531914893617,0.36875,0.19633699633699636,0.29500000000000004,0.1531615925058548,0.10586080586080586
1015,13,GTB,773,2012,0.5319148936170213,0.3104166666666666,0.33076923076923076,0.2069444444444444,0.22513597513597516,0.15859173126614987
1016,13,GTB,773,2013,0.6382978723404256,0.26458333333333334,0.20982142857142855,0.21166666666666667,0.2011111111111111,0.15710594315245477
1017,13,GTB,773,2014,0.5957446808510638,0.32916666666666666,0.21007957559681695,0.2633333333333333,0.20072463768115942,0.1495016611295681
1018,13,GTB,773,2015,0.7446808510638298,0.21875,0.17073170731707316,0.175,0.1728395061728395,0.15217391304347827
1019,13,GTB,773,2016,0.723404255319149,0.2895833333333333,0.26041666666666663,0.2895833333333333,0.2625598086124402,0.21686046511627907
1020,13,GTB,773,2017,0.7446808510638298,0.21875,0.175,0.175,0.175,0.15555555555555556
1021,13,GTB,773,2018,0.6808510638297872,0.35416666666666663,0.22181818181818183,0.2833333333333333,0.22592202318229715,0.17589852008456658
1022,13,GTB,773,2019,0.7021276595744681,0.4375,0.2375,0.35,0.24666666666666667,0.19285714285714287
1023,13,GTB,773,2020,0.5957446808510638,0.34775641025641024,0.18214285714285716,0.23183760683760682,0.17700968840010475,0.13045634920634921
1024,13,GTB,773,2021,0.723404255319149,0.21794871794871795,0.2125,0.21794871794871795,0.21518987341772153,0.18888888888888888
1025,13,GTB,773,2022,0.7446808510638298,0.2736842105263158,0.20039682539682538,0.2280701754385965,0.20925470925470924,0.17118337850045165
1026,13,GTB,7741,1985,0.3021978021978022,0.18600438489228696,0.15741221760443308,0.13950328866921521,0.14613705088446416,0.09246617837139165
1027,13,GTB,7741,1986,0.47802197802197804,0.2412940379403794,0.1716505080994838,0.16086269196025293,0.16101515647007306,0.10867653149140225
1028,13,GTB,7741,1987,0.5302197802197802,0.28563182761111355,0.1883050538222952,0.19042121840740903,0.18483281982527835,0.12827110770148742
1029,13,GTB,7741,1988,0.49725274725274726,0.3031305136105759,0.2439754958362156,0.2598261545233508,0.24031721121122604,0.15714720830931345
1030,13,GTB,7741,1989,0.4230769230769231,0.19420289855072462,0.20877942720047982,0.14565217391304347,0.16586742870516724,0.10961477704785873
1031,13,GTB,7741,1990,0.4835164835164835,0.2130004368383184,0.20066784137135896,0.1420002912255456,0.156257389795858,0.10629426281333271
1032,13,GTB,7741,1991,0.5439560439560439,0.2846319488084907,0.2314455168813166,0.213473961606368,0.2108482824883679,0.14483290071382218
1033,13,GTB,7741,1992,0.37362637362637363,0.17965958069887675,0.15733273596176822,0.11977305379925116,0.12661926926158934,0.07986742548479242
1034,13,GTB,7741,1993,0.5412087912087912,0.3136139708686037,0.21441566880163374,0.20907598057906912,0.2002951742583231,0.14110732423535707
1035,13,GTB,7741,1994,0.5164835164835165,0.3060457002388721,0.21528622195985395,0.20403046682591475,0.19886044988775076,0.13538599904998205
1036,13,GTB,7741,1995,0.45054945054945056,0.2703222730739893,0.23534211006033445,0.20274170480549197,0.20489596894739381,0.13430213925412207
1037,13,GTB,7741,1996,0.5659340659340659,0.291945397696942,0.2099384741437307,0.19463026513129467,0.19714728545617133,0.14017029145732401
1038,13,GTB,7741,1997,0.4065934065934066,0.23119239631336405,0.20520865164247518,0.1981649111257406,0.1855045232060077,0.11539184735012024
1039,13,GTB,7741,1998,0.48626373626373626,0.2617063492063492,0.24659391534391534,0.1962797619047619,0.2105976562943776,0.14359966078050154
1040,13,GTB,7741,1999,0.3983516483516483,0.21710841702818884,0.18731422089435767,0.1447389446854592,0.1504419037664302,0.09634693471902774
1041,13,GTB,7741,2000,0.510989010989011,0.29305066510172145,0.2648508404049045,0.2511862843729041,0.24353036122576782,0.1646295307009593
1042,13,GTB,7741,2001,0.5384615384615384,0.31068194148825173,0.24121424710763117,0.2330114561161888,0.22351522654868716,0.1538844871914492
1043,13,GTB,7741,2002,0.5027472527472527,0.318218018914883,0.2961284512768636,0.2651816824290692,0.2647026940857644,0.1781347739884325
1044,13,GTB,7741,2003,0.5137362637362637,0.28940217391304346,0.26460093982999744,0.2480590062111801,0.24136485107795067,0.16499824583970077
1045,13,GTB,7741,2004,0.521978021978022,0.28809477038589143,0.2321569788976442,0.2160710777894186,0.21076966422938567,0.14349278313896377
1046,13,GTB,7741,2005,0.5137362637362637,0.30093338917170664,0.24939754287580373,0.25794290500432,0.2402957248203486,0.16317670145488958
1047,13,GTB,7741,2006,0.5192307692307693,0.29082120480355045,0.2270633876573755,0.21811590360266284,0.2107832191994038,0.14219367826002882
1048,13,GTB,7741,2007,0.5576923076923077,0.45231034811433657,0.43590344492600125,0.45231034811433657,0.4180897817934577,0.3326605462987016
1049,13,GTB,7741,2008,0.5576923076923077,0.42114421274477615,0.3693916987301867,0.36850118615167915,0.3529010419621054,0.28236863869430545
1050,13,GTB,7741,2009,0.5412087912087912,0.4245262025969505,0.3596100128921358,0.37146042727233175,0.3465525433273805,0.27549340653614784
1051,13,GTB,7741,2010,0.47802197802197804,0.3643301949736823,0.3623651894582497,0.31878892060197195,0.32672979588788775,0.25850687942155637
1052,13,GTB,7741,2011,0.5412087912087912,0.33476403722703446,0.3169089524490221,0.2975680330906973,0.293213460636699,0.234965242665193
1053,13,GTB,7741,2012,0.5,0.32993604581027486,0.24698503399627125,0.2932764851646888,0.2329432933767299,0.1573521608105274
1054,13,GTB,7741,2013,0.554945054945055,0.3760697115887952,0.3740737650200267,0.3290609976401958,0.33616007834757833,0.2726336520536412
1055,13,GTB,7741,2014,0.5521978021978022,0.4033730856690579,0.42695563119891267,0.4033730856690579,0.40169309242871193,0.32433932398366305
1056,13,GTB,7741,2015,0.5384615384615384,0.42621151969714105,0.4152340113196173,0.42621151969714105,0.40161158843176725,0.32064161878257763
1057,13,GTB,7741,2016,0.5934065934065934,0.44608843537414966,0.4365382097539477,0.44608843537414966,0.42563878239515934,0.34223424121597695
1058,13,GTB,7741,2017,0.5247252747252747,0.40085046029362903,0.35593163586121335,0.40085046029362903,0.33981111593573604,0.237939889008227
1059,13,GTB,7741,2018,0.5137362637362637,0.3353566986496091,0.3219144246846025,0.29809484324409696,0.29629288253930086,0.2338148148148148
1060,13,GTB,7741,2019,0.5467032967032966,0.42395124716553284,0.42143878593565065,0.42395124716553284,0.4061031495475152,0.3253175583912247
1061,13,GTB,7741,2020,0.5192307692307693,0.4120842781557067,0.4204004329004329,0.4120842781557067,0.39785116227317824,0.3120705117731424
1062,13,GTB,7741,2021,0.5082417582417582,0.3482387800734409,0.3683258820267554,0.3482387800734409,0.33528844526929136,0.26597989275204664
1063,13,GTB,7741,2022,0.4835164835164835,0.38171905778197707,0.29125629523436253,0.38171905778197707,0.309008380585144,0.21221420539730135
1064,13,GTB,7742,1985,0.33152173913043476,0.13881927039821776,0.12305806938159879,0.10411445279866333,0.10890465341066005,0.0746870882740448
1065,13,GTB,7742,1986,0.483695652173913,0.2991013659237958,0.17266474266474263,0.23263439571850786,0.16671673842726475,0.11240611717828165
1066,13,GTB,7742,1987,0.5652173913043478,0.2827670527670528,0.21411847410865875,0.24742117117117118,0.20465590417046728,0.14472929796918768
1067,13,GTB,7742,1988,0.5869565217391305,0.2683913308913309,0.18063354498309814,0.20874881291547956,0.17966955232108578,0.12716537135141787
1068,13,GTB,7742,1989,0.41847826086956524,0.18513830801966397,0.1616216039707419,0.16199601951720596,0.13964533006574084,0.09285187642851876
1069,13,GTB,7742,1990,0.45652173913043476,0.20393495393495395,0.17300950481285038,0.15861607528274196,0.15887206308662247,0.10676998997609684
1070,13,GTB,7742,1991,0.5434782608695652,0.25102436323366556,0.16853929665991377,0.1952411714039621,0.16309457992467444,0.11353821171918188
1071,13,GTB,7742,1992,0.5489130434782609,0.26566726576257643,0.176359104757163,0.20663009559311502,0.17111647879763822,0.11754265411154072
1072,13,GTB,7742,1993,0.6141304347826086,0.34772370486656207,0.2657780815675553,0.34772370486656207,0.26446824315066025,0.18971335569801043
1073,13,GTB,7742,1994,0.532608695652174,0.2835799371232442,0.17868807985087054,0.2205621733180788,0.17723722273388692,0.11966490299823634
1074,13,GTB,7742,1995,0.532608695652174,0.22749433106575964,0.1766932860100562,0.1990575396825397,0.1700544746349541,0.11721766080353087
1075,13,GTB,7742,1996,0.5706521739130435,0.31218820861678004,0.24251443001443002,0.31218820861678004,0.2357722384424654,0.16413403369925111
1076,13,GTB,7742,1997,0.5706521739130435,0.34206349206349207,0.21413092234370618,0.29930555555555555,0.2156101964640697,0.1493024364918381
1077,13,GTB,7742,1998,0.3967391304347826,0.17290249433106575,0.15709864734530557,0.13447971781305113,0.12790779440525635,0.08284299878393026
1078,13,GTB,7742,1999,0.5434782608695652,0.2858451072736787,0.20631655925773573,0.22232397232397233,0.19659544909676555,0.13793162514323518
1079,13,GTB,7742,2000,0.6086956521739131,0.496555032269318,0.30190409497132187,0.3862094695428029,0.31436654908877126,0.25369199589823094
1080,13,GTB,7742,2001,0.6467391304347826,0.3448270889215771,0.23409219457013575,0.30172370280637995,0.23637377529863599,0.17033805172767685
1081,13,GTB,7742,2002,0.5597826086956522,0.28345543345543345,0.20324561403508773,0.24802350427350428,0.20476190476190476,0.14281847371565115
1082,13,GTB,7742,2003,0.5380434782608695,0.22491723962312196,0.20343716433941997,0.22491723962312196,0.20303696097806925,0.14171770825391178
1083,13,GTB,7742,2004,0.625,0.39927637721755366,0.24193168820223182,0.34223689475790314,0.2532706051778423,0.18059607395196225
1084,13,GTB,7742,2005,0.6684782608695652,0.4311944075875965,0.23834512578616351,0.32339580569069737,0.25166415319155633,0.1830971588657731
1085,13,GTB,7742,2006,0.6521739130434783,0.339795008912656,0.2604978354978355,0.2912528647822766,0.2578599851327124,0.18759162020245762
1086,13,GTB,7742,2007,0.6304347826086957,0.40166369578134287,0.3001046804764019,0.40166369578134287,0.3049717053882492,0.21763785016176726
1087,13,GTB,7742,2008,0.6902173913043478,0.4281788472964943,0.3017501495762365,0.36701044053985227,0.3014243369798925,0.22645559632303627
1088,13,GTB,7742,2009,0.6195652173913043,0.29604872251931075,0.28430829521631407,0.29604872251931075,0.26734062092118355,0.19340618354283265
1089,13,GTB,7742,2010,0.375,0.18771258503401358,0.1449263163031279,0.14599867724867724,0.12343316773802537,0.07810521247140965
1090,13,GTB,7742,2011,0.5,0.36446078431372547,0.2328622613704116,0.2733455882352941,0.22791060291060292,0.15052410901467506
1091,13,GTB,7742,2012,0.4891304347826087,0.21387598613875988,0.17774129664373567,0.1604069896040699,0.15998849890123432,0.11021679943046256
1092,13,GTB,7742,2013,0.5815217391304348,0.4619000221190002,0.44244052996085514,0.4619000221190002,0.392388149082747,0.2806306750482764
1093,13,GTB,7742,2014,0.6358695652173914,0.36798274717982743,0.2870434690202132,0.36798274717982743,0.29672677969430444,0.21293420749942485
1094,13,GTB,7742,2015,0.6413043478260869,0.3526037687802393,0.25707691155804363,0.3526037687802393,0.26654513488369286,0.19136619238660055
1095,13,GTB,7742,2016,0.6304347826086957,0.3450711494507115,0.2689719333380179,0.3450711494507115,0.2820247339660627,0.20142533838186014
1096,13,GTB,7742,2017,0.6032608695652174,0.42895745778957456,0.29872545324633515,0.42895745778957456,0.3088122786924095,0.21834623905046438
1097,13,GTB,7742,2018,0.6521739130434783,0.3811769565158512,0.24327385421676603,0.3811769565158512,0.26120088905362937,0.18681716768199838
1098,13,GTB,7742,2019,0.6086956521739131,0.40078274176292944,0.21678345347905847,0.3506848990425633,0.22982572982572982,0.16116858237547893
1099,13,GTB,7742,2020,0.6141304347826086,0.43375359433753596,0.3441586408030385,0.3795343950453439,0.3178475033738191,0.22714781765958303
1100,13,GTB,7742,2021,0.625,0.3332125816484523,0.23326523491688045,0.3332125816484523,0.24721571901700481,0.1747254053136406
1101,13,GTB,7742,2022,0.5978260869565217,0.3606169740623522,0.3596155336795598,0.3606169740623522,0.3169232956506701,0.2276535964035964
1102,13,GTB,775,1985,0.391304347826087,0.2791666666666667,0.15833333333333333,0.13958333333333334,0.14102564102564102,0.09170653907496013
1103,13,GTB,775,1986,0.6521739130434783,0.5049019607843137,0.2833333333333333,0.25245098039215685,0.2663690476190476,0.19736842105263155
1104,13,GTB,775,1987,0.782608695652174,0.6911764705882352,0.5066666666666666,0.41470588235294115,0.4416666666666666,0.3555555555555555
1105,13,GTB,775,1988,0.5652173913043478,0.38235294117647056,0.23714285714285716,0.22941176470588234,0.23082437275985662,0.16714285714285715
1106,13,GTB,775,1989,0.6521739130434783,0.6323529411764706,0.5686813186813187,0.4742647058823529,0.48636363636363633,0.36348684210526316
1107,13,GTB,775,1990,0.4782608695652174,0.4901960784313726,0.3875,0.36764705882352944,0.35648148148148145,0.23859649122807017
1108,13,GTB,775,1991,0.5652173913043478,0.4166666666666667,0.30147058823529416,0.3125,0.3068181818181818,0.22619047619047616
1109,13,GTB,775,1992,0.6086956521739131,0.44166666666666665,0.3666666666666667,0.35333333333333333,0.35723905723905724,0.25931372549019605
1110,13,GTB,775,1993,0.5652173913043478,0.5,0.36363636363636365,0.4,0.3711888111888112,0.28366013071895424
1111,13,GTB,775,1994,0.391304347826087,0.35833333333333334,0.4095238095238095,0.2866666666666667,0.30995670995670993,0.21336898395721926
1112,13,GTB,775,1995,0.6956521739130435,0.7083333333333334,0.6936813186813187,0.7083333333333334,0.6547619047619047,0.4950980392156863
1113,13,GTB,775,1996,0.6086956521739131,0.44166666666666665,0.3348484848484849,0.29444444444444445,0.31153846153846154,0.23115079365079363
1114,13,GTB,775,1997,0.5217391304347826,0.4083333333333333,0.38181818181818183,0.4083333333333333,0.37884615384615383,0.2569444444444444
1115,13,GTB,775,1998,0.34782608695652173,0.4,0.4714285714285714,0.32,0.3090909090909091,0.215
1116,13,GTB,775,1999,0.4782608695652174,0.32499999999999996,0.18223443223443223,0.1857142857142857,0.18072562358276642,0.12124060150375938
1117,13,GTB,775,2000,0.6086956521739131,0.4083333333333333,0.44666666666666666,0.32666666666666666,0.3609523809523809,0.2624561403508772
1118,13,GTB,775,2001,0.6086956521739131,0.475,0.4688888888888889,0.38,0.39161904761904764,0.2925
1119,13,GTB,775,2002,0.6086956521739131,0.475,0.3942857142857143,0.38,0.3773333333333333,0.2791666666666667
1120,13,GTB,775,2003,0.5217391304347826,0.375,0.44363636363636366,0.3,0.3517948717948718,0.25588235294117645
1121,13,GTB,775,2004,0.6956521739130435,0.4083333333333333,0.4222222222222222,0.32666666666666666,0.353030303030303,0.27593984962406015
1122,13,GTB,775,2005,0.5652173913043478,0.4666666666666667,0.29384615384615387,0.37333333333333335,0.31619047619047624,0.23333333333333334
1123,13,GTB,775,2006,0.6521739130434783,0.4916666666666667,0.41428571428571426,0.39333333333333337,0.3933333333333333,0.3
1124,13,GTB,775,2007,0.8260869565217391,0.5583333333333333,0.5199999999999999,0.44666666666666666,0.46545454545454545,0.3892857142857143
1125,13,GTB,775,2008,0.6521739130434783,0.35,0.2914285714285714,0.27999999999999997,0.28551724137931034,0.226890756302521
1126,13,GTB,775,2009,0.6956521739130435,0.8166666666666667,0.5018181818181818,0.6533333333333333,0.5405128205128205,0.41071428571428575
1127,13,GTB,775,2010,0.5652173913043478,0.39166666666666666,0.3226495726495726,0.2611111111111111,0.28571428571428575,0.20370370370370372
1128,13,GTB,775,2011,0.4782608695652174,0.25,0.30833333333333335,0.25,0.2709090909090909,0.19618055555555555
1129,13,GTB,775,2012,0.6956521739130435,0.5083333333333333,0.5142857142857142,0.4066666666666666,0.43589743589743585,0.3466666666666667
1130,13,GTB,775,2013,0.6521739130434783,0.42500000000000004,0.5807692307692307,0.42500000000000004,0.4809523809523809,0.375
1131,13,GTB,775,2014,0.6956521739130435,0.47500000000000003,0.38,0.38,0.38,0.2857142857142857
1132,13,GTB,775,2015,0.6521739130434783,0.4916666666666667,0.4818181818181818,0.39333333333333337,0.41025641025641024,0.3138888888888889
1133,13,GTB,775,2016,0.4782608695652174,0.421875,0.46071428571428574,0.3375,0.35909090909090907,0.25735294117647056
1134,13,GTB,775,2017,0.6521739130434783,0.59375,0.5,0.475,0.47384615384615386,0.41071428571428575
1135,13,GTB,775,2018,0.6956521739130435,0.44666666666666666,0.4025641025641026,0.44666666666666666,0.41714285714285715,0.32941176470588235
1136,13,GTB,775,2019,0.5652173913043478,0.2833333333333333,0.22884615384615384,0.2833333333333333,0.24285714285714288,0.17777777777777776
1137,13,GTB,775,2020,0.5652173913043478,0.4066666666666666,0.29978354978354976,0.33888888888888885,0.3071095571095571,0.22486772486772486
1138,13,GTB,775,2021,0.7391304347826086,0.7285714285714285,0.525,0.7285714285714285,0.5703678929765886,0.45357142857142857
1139,13,GTB,775,2022,0.6086956521739131,0.4830769230769231,0.3277777777777778,0.40256410256410263,0.3482652613087396,0.26746031746031745
1140,13,GTB,776,1985,0.3655030800821355,0.41924009730640843,0.18522749601632768,0.3260756312383177,0.2005613257986431,0.1333245107999544
1141,13,GTB,776,1986,0.5462012320328542,0.4632034632034632,0.20791769733468524,0.4053030303030303,0.23410705964585277,0.1587038119960444
1142,13,GTB,776,1987,0.5893223819301848,0.4428134365634366,0.2408978863318869,0.4428134365634366,0.2580293048029546,0.17891365569366482
1143,13,GTB,776,1988,0.5749486652977412,0.3931014227907584,0.3129829729094435,0.3931014227907584,0.31647659210322804,0.25936758687138284
1144,13,GTB,776,1989,0.4928131416837782,0.37098796313597376,0.21774219457343963,0.32461446774397706,0.21941731860714836,0.15090308324874138
1145,13,GTB,776,1990,0.5564681724845996,0.39282167713461213,0.19422195533853837,0.3491748241196552,0.21686569483289542,0.1460552536706069
1146,13,GTB,776,1991,0.6016427104722792,0.4403870162297129,0.35524941183477765,0.4403870162297129,0.36375333520403685,0.3002446538273148
1147,13,GTB,776,1992,0.5400410677618069,0.3944970807621185,0.1836957289852,0.35066407178854975,0.20335993782321465,0.13613992576256728
1148,13,GTB,776,1993,0.6344969199178645,0.45405413427603797,0.32229586547364075,0.3972973674915332,0.3252919494298805,0.2733142377888556
1149,13,GTB,776,1994,0.5338809034907598,0.4378562969163231,0.24194157114900755,0.3831242598017827,0.25833420078485125,0.18273044156196327
1150,13,GTB,776,1995,0.5728952772073922,0.37903428093645486,0.20284349341366884,0.3369193608324043,0.21996191375138416,0.15466336782126255
1151,13,GTB,776,1996,0.5913757700205339,0.2693221380298996,0.2128378735086052,0.2693221380298996,0.2118288157167747,0.15190873105850997
1152,13,GTB,776,1997,0.5893223819301848,0.44858586332750466,0.24674064025249554,0.3925126304115666,0.27272010934801627,0.19727300692674976
1153,13,GTB,776,1998,0.5092402464065708,0.48597405250791703,0.20967413489986644,0.4319769355625929,0.2284936538564165,0.15299650288899241
1154,13,GTB,776,1999,0.6057494866529775,0.4412938528698838,0.36200053467897886,0.4412938528698838,0.36437092854689634,0.3026790751385744
1155,13,GTB,776,2000,0.5728952772073922,0.3939380081300813,0.2622875548245614,0.3939380081300813,0.2797643442622951,0.19852382023434656
1156,13,GTB,776,2001,0.62217659137577,0.41943793911007027,0.36566615477686254,0.41943793911007027,0.37680931213905267,0.3111927298168909
1157,13,GTB,776,2002,0.6509240246406571,0.39805774886194256,0.24538459990684922,0.39805774886194256,0.27499734757799277,0.1986739677745558
1158,13,GTB,776,2003,0.5893223819301848,0.24621725383920506,0.18791004957158758,0.24621725383920506,0.1837659821774506,0.13307193445645796
1159,13,GTB,776,2004,0.6057494866529775,0.4684754669560747,0.21834963287194464,0.40991603358656536,0.24261503522584754,0.16811388552369844
1160,13,GTB,776,2005,0.5770020533880903,0.4454646712743474,0.28323144104803494,0.4454646712743474,0.30703156310641894,0.22138174769753718
1161,13,GTB,776,2006,0.6632443531827515,0.4705713259072943,0.3779222459074071,0.4705713259072943,0.3952310422843443,0.3292374699120069
1162,13,GTB,776,2007,0.6242299794661191,0.3677767726626156,0.25846560846560845,0.3677767726626156,0.27753526270212303,0.19897107561164665
1163,13,GTB,776,2008,0.6283367556468172,0.3857966457023061,0.2618699030532878,0.3857966457023061,0.2770014775967545,0.19986920931938112
1164,13,GTB,776,2009,0.6509240246406571,0.37724813931359896,0.23436518104420725,0.32335554798308486,0.25026487925786717,0.18297698816862581
1165,13,GTB,776,2010,0.5995893223819302,0.3427093663108363,0.19380092467316642,0.25703202473312725,0.19586200590972597,0.1403378745800237
1166,13,GTB,776,2011,0.6242299794661191,0.36777976468149065,0.2650020919251688,0.36777976468149065,0.2660753642226667,0.19418416108518985
1167,13,GTB,776,2012,0.6201232032854209,0.33376068376068374,0.22015226153157189,0.28608058608058606,0.2235781414408265,0.1627496482989931
1168,13,GTB,776,2013,0.6344969199178645,0.3545446306617728,0.2223048291009456,0.30389539771009094,0.2307208197223469,0.16842671658069555
1169,13,GTB,776,2014,0.6570841889117043,0.45367173394556765,0.3753762199836402,0.45367173394556765,0.38547930069104197,0.3219012851946551
1170,13,GTB,776,2015,0.6940451745379876,0.3365211867240265,0.2471498944405348,0.3365211867240265,0.2655884197692693,0.1999167535818671
1171,13,GTB,776,2016,0.7248459958932238,0.46070300356014643,0.4056100362222811,0.46070300356014643,0.42241853659991574,0.35788059163059166
1172,13,GTB,776,2017,0.702258726899384,0.48085783384972025,0.3904155716920629,0.48085783384972025,0.40730188179167776,0.3434795349055277
1173,13,GTB,776,2018,0.6570841889117043,0.45343775064610997,0.3781802860580486,0.45343775064610997,0.39092404821732224,0.3253397968152067
1174,13,GTB,776,2019,0.704312114989733,0.33924226895998577,0.25058563923192745,0.33924226895998577,0.2709462463064776,0.20526762429109574
1175,13,GTB,776,2020,0.7002053388090349,0.3106986899563319,0.25093656179429086,0.3106986899563319,0.26965165051080053,0.20328726256561305
1176,13,GTB,776,2021,0.675564681724846,0.3030469433104808,0.24096228529726066,0.3030469433104808,0.2547399108232606,0.18927412426206638
1177,13,GTB,776,2022,0.5626283367556468,0.24945751000121227,0.15724640499993517,0.22174000888996648,0.1689357190071894,0.1166974283253353
1178,13,GTB,76111,1985,0.4881516587677725,0.33248050682261204,0.24748280175109444,0.24936038011695907,0.24819443161169116,0.21037554824561402
1179,13,GTB,76111,1986,0.4834123222748815,0.3506216006216006,0.2282608695652174,0.26296620046620045,0.24062205283058047,0.18505195702442048
1180,13,GTB,76111,1987,0.5545023696682464,0.4391544333529066,0.37445887445887444,0.3659620277940889,0.36214527831470433,0.30615055939731267
1181,13,GTB,76111,1988,0.5165876777251185,0.33759216882786675,0.24785454230235784,0.2531941266209001,0.24647748792169163,0.19254261363636366
1182,13,GTB,76111,1989,0.6255924170616114,0.468408431149817,0.33039076095554504,0.33457745082129786,0.32699267945169586,0.280363294707172
1183,13,GTB,76111,1990,0.5165876777251185,0.5735714285714286,0.5063492063492063,0.4779761904761905,0.4878737541528239,0.4420071684587814
1184,13,GTB,76111,1991,0.5355450236966824,0.5450854700854701,0.44923629829290207,0.38934676434676435,0.4107281105990784,0.3472938443670151
1185,13,GTB,76111,1992,0.4928909952606635,0.2875566893424036,0.22769166317553413,0.2156675170068027,0.21449999999999997,0.1532551120965755
1186,13,GTB,76111,1993,0.4786729857819905,0.40301449275362317,0.30616414083508786,0.2878674948240166,0.2870701091948158,0.24155844155844156
1187,13,GTB,76111,1994,0.6161137440758294,0.43746965586177355,0.3102550565275174,0.3124783256155525,0.3102215595190304,0.265911156665184
1188,13,GTB,76111,1995,0.5165876777251185,0.4209338854776524,0.3567606209150327,0.3507782378980437,0.34233147804576375,0.2888410786001147
1189,13,GTB,76111,1996,0.5450236966824644,0.6312582781456954,0.3803747237291541,0.5260485651214127,0.4112209205485537,0.31179579298136
1190,13,GTB,76111,1997,0.5213270142180095,0.5170216904970334,0.31304112554112556,0.387766267872775,0.32197818151650903,0.26077788191190254
1191,13,GTB,76111,1998,0.6161137440758294,0.399204573701218,0.2922150446751992,0.2994034302759135,0.2858976377952756,0.24533915795266925
1192,13,GTB,76111,1999,0.5071090047393365,0.4202264381884945,0.30434782608695654,0.30016174156321035,0.2882730505681325,0.24372294372294373
1193,13,GTB,76111,2000,0.5213270142180095,0.44089390142021717,0.3643706208884513,0.3779090583601862,0.35865478503078335,0.2901111836508596
1194,13,GTB,76111,2001,0.47393364928909953,0.33024891774891774,0.28366230213015436,0.2830705009276438,0.27299461451247165,0.23082462009270785
1195,13,GTB,76111,2002,0.6113744075829384,0.4789578111946533,0.36895485466914035,0.4105352667382743,0.3737204429811434,0.3062291118538007
1196,13,GTB,76111,2003,0.5971563981042654,0.4518971848225214,0.32112080176165625,0.3227837034446582,0.3130446773303916,0.26846851940855504
1197,13,GTB,76111,2004,0.5497630331753555,0.4617180205415499,0.32566084229390685,0.38476501711795824,0.3309683717955192,0.2577022375215146
1198,13,GTB,76111,2005,0.6682464454976303,0.5013071895424837,0.3832826233941853,0.417755991285403,0.38616339314463016,0.33348611838658987
1199,13,GTB,76111,2006,0.5308056872037915,0.4134638922888617,0.353030303030303,0.3445532435740514,0.34284613768471184,0.2907305816788575
1200,13,GTB,76111,2007,0.6066350710900474,0.4718543046357616,0.37449616550740145,0.3932119205298013,0.3691651002506266,0.3151626016260163
1201,13,GTB,76111,2008,0.4786729857819905,0.423208910295003,0.3152501506931887,0.302292078782145,0.2918211559432934,0.24469787915166066
1202,13,GTB,76111,2009,0.6445497630331753,0.4824503311258278,0.3439001501501502,0.4020419426048565,0.3587932833808234,0.2883202188757744
1203,13,GTB,76111,2010,0.4549763033175355,0.4198073449729079,0.3075396825396825,0.29986238926636277,0.2799656090899895,0.23423594847775173
1204,13,GTB,76111,2011,0.5639810426540285,0.47935536515707877,0.2947619047619048,0.3423966893979134,0.29576627398927047,0.21059705011658064
1205,13,GTB,76111,2012,0.5497630331753555,0.5362278244631187,0.2865120731837039,0.3830198746165133,0.3101326481005625,0.2189371357387552
1206,13,GTB,76111,2013,0.6492890995260664,0.4841935483870968,0.3868357487922705,0.403494623655914,0.38434744268077603,0.3320599471054952
1207,13,GTB,76111,2014,0.6208530805687204,0.41898426776475556,0.37804962333264225,0.3491535564706296,0.3397435897435897,0.26422764227642276
1208,13,GTB,76111,2015,0.6729857819905213,0.5215384615384615,0.42251131221719457,0.4346153846153846,0.4187506129253702,0.35179113539769274
1209,13,GTB,76111,2016,0.6398104265402843,0.41538461538461535,0.33861898335582546,0.3461538461538461,0.3335097001763668,0.25279441117764473
1210,13,GTB,76111,2017,0.7677725118483413,0.4410909684795035,0.3116272009714633,0.3675758070662529,0.31566907464740285,0.24881177824811554
1211,13,GTB,76111,2018,0.5687203791469194,0.3821236559139785,0.3209876543209877,0.3275345622119816,0.3103217469717112,0.2636196961760084
1212,13,GTB,76111,2019,0.7061611374407583,0.43064253868345137,0.3995750531183602,0.3588687822362095,0.36778505182760507,0.29686049686049687
1213,13,GTB,76111,2020,0.5876777251184834,0.47397435897435897,0.4453357100415924,0.39497863247863246,0.4077815894797027,0.3051301250198534
1214,13,GTB,76111,2021,0.5308056872037915,0.3227050727050727,0.32422126745435015,0.2766043480329195,0.2733582985432979,0.20839724424801767
1215,13,GTB,76111,2022,0.5592417061611374,0.42252663622526637,0.4532145408944429,0.3621656881930854,0.3719564211289979,0.28271352118829185
1216,13,GTB,76116,1985,0.3607843137254902,0.4695360195360195,0.2833842627960275,0.4024594453165881,0.2755999555999556,0.19505494505494506
1217,13,GTB,76116,1986,0.4470588235294118,0.5080147675663166,0.34765641838010264,0.4354412293425571,0.32361114916524286,0.26093535405362384
1218,13,GTB,76116,1987,0.5843137254901961,0.6716973155781019,0.41493402026523757,0.5597477629817516,0.4373218650758591,0.32397929073448145
1219,13,GTB,76116,1988,0.5058823529411764,0.5146825396825396,0.3061684673252436,0.3860119047619047,0.29910127364186356,0.23318818845246203
1220,13,GTB,76116,1989,0.5176470588235295,0.46307475927729086,0.32211396865448577,0.3969212222376779,0.3169753985851547,0.24467534321892856
1221,13,GTB,76116,1990,0.5294117647058824,0.445350328683662,0.3062457097217061,0.3340127465127465,0.2896757641438492,0.2389874751984127
1222,13,GTB,76116,1991,0.47843137254901963,0.4579033367733058,0.3170201661567251,0.34342750257997934,0.2855156203176506,0.23243965495811272
1223,13,GTB,76116,1992,0.5607843137254902,0.6361848214965364,0.43514710501993586,0.5301540179137804,0.41956782713085233,0.3423038864650862
1224,13,GTB,76116,1993,0.47058823529411764,0.6055757575757575,0.35788858057096345,0.4325541125541125,0.3294809508489896,0.2656904582601177
1225,13,GTB,76116,1994,0.5803921568627451,0.5150989763405871,0.3681559237126421,0.4415134082919318,0.36971088562139226,0.2978188775510204
1226,13,GTB,76116,1995,0.4666666666666667,0.39428784489187174,0.3646109637488948,0.3285732040765598,0.3361276249946538,0.28028322440087144
1227,13,GTB,76116,1996,0.4627450980392157,0.4702609992542879,0.3305933424152158,0.3359007137530628,0.2959253854062321,0.2366570505260654
1228,13,GTB,76116,1997,0.5725490196078431,0.7076008804108584,0.43135872850942497,0.589667400342382,0.43168733534665554,0.3480002824564883
1229,13,GTB,76116,1998,0.5019607843137255,0.5122620380739081,0.31605411096765706,0.3841965285554311,0.2982637209867214,0.2414027444833733
1230,13,GTB,76116,1999,0.43137254901960786,0.5339596890156223,0.29813877865961197,0.40046976676171675,0.2805153674432851,0.21692251950947603
1231,13,GTB,76116,2000,0.47058823529411764,0.3579049986595501,0.29887082081640864,0.26842874899466257,0.2652895012688955,0.22093993473356607
1232,13,GTB,76116,2001,0.5764705882352941,0.7111477782602403,0.4390357020000983,0.5926231485502003,0.42994832041343667,0.3499064700576657
1233,13,GTB,76116,2002,0.5764705882352941,0.5110544217687075,0.4298708112007345,0.5110544217687075,0.4141830065359477,0.3411816506166186
1234,13,GTB,76116,2003,0.4666666666666667,0.48423116015681716,0.38660841292420234,0.3458794001120123,0.35010857265192524,0.28223046794475365
1235,13,GTB,76116,2004,0.592156862745098,0.6371689101172384,0.37505108852619823,0.45512065008374175,0.3796568162932078,0.3097197833222678
1236,13,GTB,76116,2005,0.6039215686274509,0.620628166160081,0.43007819603564285,0.5171901384667342,0.4237255328690514,0.3492603392631753
1237,13,GTB,76116,2006,0.4470588235294118,0.5255988455988456,0.4121960862426964,0.437999037999038,0.35826194858452926,0.29324187722381095
1238,13,GTB,76116,2007,0.5529411764705883,0.6003751803751805,0.4167966062829626,0.5003126503126504,0.4026548741309786,0.3296390174427259
1239,13,GTB,76116,2008,0.5058823529411764,0.5861988304093566,0.41660088181827315,0.48849902534113054,0.39248278520267116,0.31744171342238553
1240,13,GTB,76116,2009,0.4823529411764706,0.505722652372444,0.3457814560654492,0.4334765591763805,0.3275265127885215,0.26413900605171464
1241,13,GTB,76116,2010,0.49411764705882355,0.5749147173489279,0.31176701375258764,0.43118603801169586,0.2955018673184317,0.23820142005210657
1242,13,GTB,76116,2011,0.5098039215686274,0.5420565302144249,0.30564100410974804,0.4065423976608187,0.2931753944903667,0.23668348699946273
1243,13,GTB,76116,2012,0.48627450980392156,0.4931029475824016,0.3473498561217859,0.4226596693563442,0.3230215505177663,0.25526995608369935
1244,13,GTB,76116,2013,0.5098039215686274,0.46154589371980675,0.32073273384248996,0.346159420289855,0.29698602502469906,0.24373857120031245
1245,13,GTB,76116,2014,0.5843137254901961,0.48960569629311584,0.381560797967321,0.4196620253940993,0.35328265127918784,0.2964872126955155
1246,13,GTB,76116,2015,0.5607843137254902,0.6711041031819148,0.37643684873318406,0.47936007370136774,0.36207944102680945,0.29480459982521584
1247,13,GTB,76116,2016,0.5686274509803921,0.4415408782746321,0.44392182130584196,0.4415408782746321,0.41625192012288786,0.34548821548821546
1248,13,GTB,76116,2017,0.5607843137254902,0.4733177942709931,0.3293730248659944,0.4141530699871189,0.3089714355803572,0.2570395335747726
1249,13,GTB,76116,2018,0.6274509803921569,0.44572904495418486,0.3364445270242372,0.39001291433491175,0.3250076597679338,0.2711671706170645
1250,13,GTB,76116,2019,0.596078431372549,0.673311125438785,0.5253622518115272,0.673311125438785,0.5266390312717738,0.42956799610224405
1251,13,GTB,76116,2020,0.5686274509803921,0.4945375743248084,0.4220498090410881,0.4945375743248084,0.40390493855636284,0.3338720443902083
1252,13,GTB,76116,2021,0.5725490196078431,0.5234677039132485,0.42652787999819636,0.5234677039132485,0.4135912786969796,0.3396325226035371
1253,13,GTB,76116,2022,0.6235294117647059,0.5346938775510204,0.39395557728041714,0.5346938775510204,0.398665496835492,0.32529360247980404
1254,13,GTB,7612,1985,0.46408839779005523,0.24285439718843527,0.26480900052328626,0.20816091187580166,0.20551574518440602,0.1448604586902459
1255,13,GTB,7612,1986,0.6961325966850829,0.2745992411451809,0.25168903338867366,0.2745992411451809,0.2503192848020434,0.18694178628389155
1256,13,GTB,7612,1987,0.6906077348066298,0.26474867724867723,0.2496326696053098,0.26474867724867723,0.24893972514530696,0.18856983744023045
1257,13,GTB,7612,1988,0.6906077348066298,0.362641723356009,0.35661598334690925,0.362641723356009,0.34838487809625335,0.3009496787135396
1258,13,GTB,7612,1989,0.6740331491712708,0.3871736938554723,0.36307798481711523,0.3871736938554723,0.36240616728619157,0.30683188383488547
1259,13,GTB,7612,1990,0.6132596685082873,0.31966028647483835,0.3413005959165066,0.31966028647483835,0.32972972972972975,0.28514132925897634
1260,13,GTB,7612,1991,0.6629834254143646,0.3865967439607422,0.37764291457671245,0.3865967439607422,0.3610251760187753,0.311988881574135
1261,13,GTB,7612,1992,0.7348066298342542,0.40554004620716205,0.3908657212885154,0.40554004620716205,0.3851477832512315,0.3306311374398008
1262,13,GTB,7612,1993,0.7182320441988951,0.3825808625336927,0.2998199279711885,0.3825808625336927,0.3212019248885608,0.24928325405937346
1263,13,GTB,7612,1994,0.6795580110497238,0.3665527531767424,0.3618616677440207,0.3665527531767424,0.35727720555306763,0.3030858030858031
1264,13,GTB,7612,1995,0.6850828729281768,0.41280148423005564,0.37357271117617985,0.41280148423005564,0.38091453122602426,0.32006802721088434
1265,13,GTB,7612,1996,0.6077348066298343,0.36028436395408875,0.2618671068128521,0.36028436395408875,0.2748225838933783,0.1974228152799581
1266,13,GTB,7612,1997,0.6795580110497238,0.3291125541125541,0.37803005817711693,0.3291125541125541,0.33294445890074303,0.2569620061595272
1267,13,GTB,7612,1998,0.6022099447513812,0.2660610973361307,0.34841269841269845,0.2660610973361307,0.29892183288409707,0.23660714285714285
1268,13,GTB,7612,1999,0.7071823204419889,0.4095963930743637,0.4354847173028991,0.4095963930743637,0.4185215514032606,0.34776823009905716
1269,13,GTB,7612,2000,0.6629834254143646,0.35169909085129375,0.36746289424860856,0.35169909085129375,0.3430267449445532,0.26420953475747994
1270,13,GTB,7612,2001,0.7292817679558011,0.30695111887772436,0.3750286172161172,0.30695111887772436,0.3252604208096246,0.2509594882729211
1271,13,GTB,7612,2002,0.6740331491712708,0.3523030707610147,0.3465749936338172,0.3523030707610147,0.34755108193413026,0.3006797805337624
1272,13,GTB,7612,2003,0.6408839779005525,0.4445053722423549,0.5085415576487005,0.4445053722423549,0.42474489795918363,0.34402528688242967
1273,13,GTB,7612,2004,0.6629834254143646,0.38340473086235793,0.3681200367246879,0.38340473086235793,0.3638549759526452,0.3090465437290953
1274,13,GTB,7612,2005,0.6408839779005525,0.32007822685788784,0.33540082699746565,0.32007822685788784,0.32165898617511524,0.27976190476190477
1275,13,GTB,7612,2006,0.6022099447513812,0.36342826582665316,0.38376885211562634,0.36342826582665316,0.36158059467918624,0.3000178051255734
1276,13,GTB,7612,2007,0.6298342541436464,0.3693287336326665,0.4817963294381865,0.3693287336326665,0.38614306895541295,0.3183958932079233
1277,13,GTB,7612,2008,0.7071823204419889,0.44642857142857145,0.528968253968254,0.44642857142857145,0.4430114903104099,0.36242236024844715
1278,13,GTB,7612,2009,0.6850828729281768,0.44638120500189465,0.42981319511931754,0.44638120500189465,0.4289293596797942,0.3492867862730876
1279,13,GTB,7612,2010,0.6519337016574586,0.4021170442286947,0.39811702458761283,0.4021170442286947,0.39648999648999644,0.33890823159668804
1280,13,GTB,7612,2011,0.6740331491712708,0.42620415982484944,0.3624010398203947,0.3653178512784424,0.3584905082548033,0.3034311752617554
1281,13,GTB,7612,2012,0.6961325966850829,0.44540417209908734,0.48651292802236196,0.44540417209908734,0.4629426129426129,0.3956154046317981
1282,13,GTB,7612,2013,0.6685082872928176,0.395873786407767,0.4138595116855986,0.395873786407767,0.402839005466408,0.35182825386711974
1283,13,GTB,7612,2014,0.6685082872928176,0.41392934196332254,0.4212194407846582,0.41392934196332254,0.4120270007139612,0.35595866628614914
1284,13,GTB,7612,2015,0.6961325966850829,0.4055234115504125,0.4115762366750509,0.4055234115504125,0.40549432127739826,0.3558899808899809
1285,13,GTB,7612,2016,0.5966850828729282,0.33546997172835563,0.4178486746228682,0.33546997172835563,0.3487617149508067,0.2557375279512684
1286,13,GTB,7612,2017,0.6243093922651933,0.3182363935318263,0.4061486423871745,0.3182363935318263,0.3442303216496765,0.25777386311737455
1287,13,GTB,7612,2018,0.6574585635359116,0.4117989417989418,0.40643777996285374,0.4117989417989418,0.40773128801297814,0.347598792115025
1288,13,GTB,7612,2019,0.6574585635359116,0.45941798941798945,0.44263493253373315,0.45941798941798945,0.4352001678053458,0.3642254994866935
1289,13,GTB,7612,2020,0.6132596685082873,0.46959934395501407,0.38947136791964376,0.46959934395501407,0.3970757004737587,0.3062117889420521
1290,13,GTB,7612,2021,0.6795580110497238,0.5153658789386402,0.6128148723257419,0.5153658789386402,0.5072162337514513,0.4129554272887606
1291,13,GTB,7612,2022,0.6353591160220995,0.4288843196853209,0.5131128045000056,0.4288843196853209,0.41982105075749104,0.33716799174814444
1292,13,GTB,7613,1985,0.5808080808080808,0.24553571428571427,0.2785627071341357,0.21045918367346936,0.22244422244422246,0.16993087557603687
1293,13,GTB,7613,1986,0.6565656565656566,0.39972394755003454,0.39548678272082527,0.39972394755003454,0.391369365520188,0.3550360413013832
1294,13,GTB,7613,1987,0.6868686868686869,0.4571753339016766,0.43816425120772945,0.4571753339016766,0.43417033851816456,0.38244795666760983
1295,13,GTB,7613,1988,0.7171717171717171,0.48567368976576136,0.5048940575305052,0.48567368976576136,0.47218543046357614,0.4083056478405315
1296,13,GTB,7613,1989,0.6666666666666666,0.43116099071207437,0.4382960035133948,0.43116099071207437,0.4262643815915628,0.37486250355917217
1297,13,GTB,7613,1990,0.6515151515151515,0.45893451720310763,0.43837886251679353,0.45893451720310763,0.42977829188355504,0.376104886399004
1298,13,GTB,7613,1991,0.6464646464646465,0.481712592390749,0.4476239669421488,0.481712592390749,0.44506716305277455,0.3849397590361446
1299,13,GTB,7613,1992,0.7272727272727273,0.48998102466793175,0.5138551859099805,0.48998102466793175,0.4805194805194805,0.4144444444444444
1300,13,GTB,7613,1993,0.7373737373737373,0.4575268817204301,0.4257085020242915,0.4575268817204301,0.4381495695467275,0.3918706293706294
1301,13,GTB,7613,1994,0.6515151515151515,0.35878502873800294,0.3601998491704374,0.35878502873800294,0.3545149476469354,0.3109151082835293
1302,13,GTB,7613,1995,0.6818181818181818,0.42589170310480434,0.41515946870277576,0.42589170310480434,0.40649710605690065,0.3448484848484849
1303,13,GTB,7613,1996,0.6919191919191919,0.421871132744823,0.3483278054173577,0.421871132744823,0.35713949506044634,0.26587786398738156
1304,13,GTB,7613,1997,0.5959595959595959,0.3371848739495798,0.2569978632478633,0.3371848739495798,0.2793056096791553,0.20977866721401206
1305,13,GTB,7613,1998,0.7373737373737373,0.4638888888888889,0.36466011466011466,0.3865740740740741,0.3740468409586057,0.33325922632281013
1306,13,GTB,7613,1999,0.6414141414141414,0.41578682755153346,0.40618247298919563,0.41578682755153346,0.40598846597462507,0.3618922929213581
1307,13,GTB,7613,2000,0.6262626262626263,0.44379084967320265,0.42613451589061346,0.44379084967320265,0.42361782071927,0.3707654145995748
1308,13,GTB,7613,2001,0.6666666666666666,0.473403720462544,0.33499869893312517,0.473403720462544,0.37177110369546407,0.2853143249742357
1309,13,GTB,7613,2002,0.6818181818181818,0.4720473569544777,0.36136495083863507,0.4720473569544777,0.3879036198090162,0.2951460692267397
1310,13,GTB,7613,2003,0.6666666666666666,0.2633241600733861,0.26258601553829075,0.2633241600733861,0.24707070707070708,0.18715330908482797
1311,13,GTB,7613,2004,0.6666666666666666,0.45765107212475636,0.44238900634249473,0.45765107212475636,0.44478873239436617,0.39011976047904195
1312,13,GTB,7613,2005,0.6818181818181818,0.3340473644003056,0.29223813249395025,0.3340473644003056,0.29649813102498523,0.2224119251191606
1313,13,GTB,7613,2006,0.6212121212121212,0.46306451612903227,0.25158477885750613,0.46306451612903227,0.2724881941051946,0.19573918804688034
1314,13,GTB,7613,2007,0.6111111111111112,0.47782099936748895,0.4771891327063741,0.47782099936748895,0.4582674398172554,0.38517061651345197
1315,13,GTB,7613,2008,0.6414141414141414,0.4398734977862112,0.4617676266137041,0.4398734977862112,0.43600288600288606,0.37625394490915215
1316,13,GTB,7613,2009,0.5909090909090909,0.2600442757748261,0.23780797101449275,0.2600442757748261,0.22854057819575063,0.1664092664092664
1317,13,GTB,7613,2010,0.5555555555555556,0.18306493506493507,0.15451529010851042,0.15255411255411255,0.14761904761904762,0.11130536130536132
1318,13,GTB,7613,2011,0.5303030303030303,0.4431138273491214,0.41059114350253595,0.36926152279093455,0.3558959156785244,0.29759001161440185
1319,13,GTB,7613,2012,0.6212121212121212,0.25017596782302665,0.18179166666666666,0.20847997318585554,0.1825472954969358,0.1381968234194955
1320,13,GTB,7613,2013,0.6464646464646465,0.2567119155354449,0.18207520497596832,0.21392659627953745,0.18623727383024744,0.14287581699346405
1321,13,GTB,7613,2014,0.6616161616161617,0.26877828054298647,0.31471264367816093,0.26877828054298647,0.25773809523809527,0.19122807017543858
1322,13,GTB,7613,2015,0.6666666666666666,0.2683257918552036,0.22947341182559194,0.2683257918552036,0.23537696768848387,0.18297690333618477
1323,13,GTB,7613,2016,0.5959595959595959,0.22448466566113626,0.20786666666666664,0.22448466566113626,0.20511962523004854,0.15447953216374272
1324,13,GTB,7613,2017,0.5757575757575758,0.2351688311688312,0.17317179915652106,0.195974025974026,0.16891339869281044,0.1245449634796496
1325,13,GTB,7613,2018,0.6565656565656566,0.2940473644003056,0.27825762711864405,0.2940473644003056,0.2700531454702756,0.19922150139017608
1326,13,GTB,7613,2019,0.5858585858585859,0.26539954163483576,0.2686602870813397,0.26539954163483576,0.238960696069607,0.17152643190599823
1327,13,GTB,7613,2020,0.6060606060606061,0.4692956455309396,0.460455566095508,0.4692956455309396,0.4437481098936888,0.37689180737961225
1328,13,GTB,7613,2021,0.5404040404040404,0.26041252864782277,0.24480392156862743,0.26041252864782277,0.22748067010309278,0.1583524341267509
1329,13,GTB,7613,2022,0.6060606060606061,0.24296103896103896,0.21347922244209058,0.24296103896103896,0.20980303030303032,0.15870625358577164
1330,13,GTB,7614,1985,0.21739130434782608,0.10452702702702703,0.2352941176470588,0.06968468468468468,0.10674405749032616,0.06642197489936064
1331,13,GTB,7614,1986,0.5962732919254659,0.2691131498470948,0.23106796116504855,0.17940876656472984,0.19878706199460916,0.14850798056904926
1332,13,GTB,7614,1987,0.7142857142857143,0.4185622759066596,0.43212530712530717,0.3139217069299947,0.3468501529051988,0.28154274004683844
1333,13,GTB,7614,1988,0.6894409937888198,0.29798789173789175,0.3265625,0.2383903133903134,0.24724137931034482,0.1937037037037037
1334,13,GTB,7614,1989,0.639751552795031,0.29277912621359226,0.2712771595124536,0.2342233009708738,0.2466043613707165,0.18511198945981555
1335,13,GTB,7614,1990,0.6521739130434783,0.288312693498452,0.2867816091954023,0.2306501547987616,0.24231509797259032,0.18721526535480024
1336,13,GTB,7614,1991,0.7267080745341615,0.3546706989247312,0.3315160210425634,0.28373655913978496,0.30157889575365304,0.2443204868154158
1337,13,GTB,7614,1992,0.6832298136645962,0.4429465575349061,0.33030617540217955,0.26576793452094366,0.29005743711626064,0.22981898238747553
1338,13,GTB,7614,1993,0.7142857142857143,0.4644582470669427,0.29359383306751724,0.23222912353347136,0.25210690277094605,0.2041666666666667
1339,13,GTB,7614,1994,0.6770186335403726,0.42945439045183287,0.39600280504908836,0.32209079283887465,0.3344312692138779,0.25775000000000003
1340,13,GTB,7614,1995,0.6956521739130435,0.3347663854639844,0.3326327433628319,0.26781310837118755,0.28121212121212125,0.22028985507246376
1341,13,GTB,7614,1996,0.7018633540372671,0.34178743961352653,0.32652652652652653,0.27342995169082124,0.2861444635029541,0.22600417924309263
1342,13,GTB,7614,1997,0.6459627329192547,0.3096709470304976,0.31657824933687,0.24773675762439806,0.25388211382113823,0.19365885992045956
1343,13,GTB,7614,1998,0.639751552795031,0.30961907810499356,0.2795224653022818,0.20641271873666237,0.2178903483524343,0.16711406784936197
1344,13,GTB,7614,1999,0.6894409937888198,0.4417989417989418,0.3208903191204076,0.2650793650793651,0.27419771390310393,0.213915568461023
1345,13,GTB,7614,2000,0.6459627329192547,0.4206997695369788,0.3948135198135198,0.3155248271527341,0.3308411214953271,0.2552742616033755
1346,13,GTB,7614,2001,0.6583850931677019,0.4278231720092185,0.39824561403508774,0.32086737900691387,0.3273076923076923,0.25088547815820544
1347,13,GTB,7614,2002,0.6024844720496895,0.2980248486779229,0.3257105943152455,0.23841987894233832,0.26724983998293156,0.20401548137397194
1348,13,GTB,7614,2003,0.6335403726708074,0.41840087623220157,0.3133177570093458,0.25104052573932095,0.2585417672621922,0.19672200936568754
1349,13,GTB,7614,2004,0.6335403726708074,0.4208880550343965,0.39880605707629585,0.3156660412757974,0.33064988290398123,0.2536255767963085
1350,13,GTB,7614,2005,0.6894409937888198,0.45342522974101923,0.3968671679197995,0.3400689223057644,0.34165984165984165,0.2663665254237288
1351,13,GTB,7614,2006,0.6149068322981367,0.3981772470144563,0.3812830687830688,0.2986329352608422,0.3086213866990095,0.23380175927912464
1352,13,GTB,7614,2007,0.6770186335403726,0.4431673052362708,0.4013123700623701,0.3323754789272031,0.3483596714539603,0.2727557530189109
1353,13,GTB,7614,2008,0.6583850931677019,0.4284802043422733,0.384687583802628,0.321360153256705,0.32833333333333337,0.25074515648286144
1354,13,GTB,7614,2009,0.6956521739130435,0.4514511310285958,0.3964067278287462,0.33858834827144685,0.34830874329901795,0.2756634669678148
1355,13,GTB,7614,2010,0.5590062111801242,0.3647127535308485,0.2168956043956044,0.18235637676542424,0.18853151397011048,0.13588394707476484
1356,13,GTB,7614,2011,0.6273291925465838,0.4342369477911647,0.4862903225806452,0.3473895582329317,0.3754562072063698,0.2789158950617284
1357,13,GTB,7614,2012,0.7018633540372671,0.4685883222468588,0.331007371007371,0.2811529933481153,0.2853070175438597,0.22544970019986676
1358,13,GTB,7614,2013,0.6645962732919255,0.44419807834441977,0.2721287801563031,0.22209903917220988,0.2288992880198922,0.17562666092077858
1359,13,GTB,7614,2014,0.6521739130434783,0.4327837666455295,0.32386363636363635,0.2596702599873177,0.2665515256188831,0.20404172099087353
1360,13,GTB,7614,2015,0.6211180124223602,0.4165875276986388,0.27134085957615367,0.2082937638493194,0.22116402116402115,0.16785714285714284
1361,13,GTB,7614,2016,0.6645962732919255,0.6099683544303797,0.42386237513873476,0.3659810126582278,0.3710248358549814,0.2774115578993628
1362,13,GTB,7614,2017,0.7204968944099379,0.4854430379746835,0.40996503496503495,0.36408227848101266,0.36912336514669497,0.2964078536367693
1363,13,GTB,7614,2018,0.6770186335403726,0.45285608700242846,0.3261764705882353,0.27171365220145705,0.28301746562616126,0.22107142857142859
1364,13,GTB,7614,2019,0.6335403726708074,0.5846267553584626,0.4145901154187629,0.3507760532150776,0.35658328485553614,0.2603954802259887
1365,13,GTB,7614,2020,0.6583850931677019,0.4388132193010242,0.33048532403371117,0.26328793158061453,0.26862406447898673,0.20683760683760685
1366,13,GTB,7614,2021,0.5962732919254659,0.5620449509338398,0.4949306145567828,0.3372269705603039,0.37678742572359586,0.27821368117096484
1367,13,GTB,7614,2022,0.6024844720496895,0.3012676508344031,0.23280045675135597,0.20084510055626872,0.19814681683840563,0.14756329529056803
1368,13,GTB,7615,1985,0.6354166666666666,0.3786255965800955,0.3511111111111111,0.33129739700758354,0.33650793650793653,0.2763480392156863
1369,13,GTB,7615,1986,0.5972222222222222,0.37984767088736937,0.3558197191920246,0.37984767088736937,0.35540048888636233,0.2918859210350807
1370,13,GTB,7615,1987,0.7291666666666666,0.42537902956278667,0.38652141105451804,0.42537902956278667,0.39784631960204475,0.35204374180865
1371,13,GTB,7615,1988,0.6805555555555556,0.38603287454805096,0.283829815655891,0.38603287454805096,0.318667331849464,0.2448912054273186
1372,13,GTB,7615,1989,0.6597222222222222,0.41374883286647995,0.3989111723642662,0.41374883286647995,0.39194771327767186,0.33597794703305456
1373,13,GTB,7615,1990,0.6423611111111112,0.3852707749766573,0.2682619246529021,0.3852707749766573,0.2987243867243867,0.22273370413739269
1374,13,GTB,7615,1991,0.6875,0.43170634920634915,0.41541414753013317,0.43170634920634915,0.4134587287734637,0.3551104181148786
1375,13,GTB,7615,1992,0.7048611111111112,0.4122119836758604,0.402336860670194,0.4122119836758604,0.402869613303314,0.35025329927628784
1376,13,GTB,7615,1993,0.7361111111111112,0.43250611017108476,0.34271826059010396,0.43250611017108476,0.37603794037940386,0.30751501196442277
1377,13,GTB,7615,1994,0.6944444444444444,0.4286935286935287,0.42874959461264045,0.4286935286935287,0.41789421554283096,0.35758013365047003
1378,13,GTB,7615,1995,0.6458333333333334,0.3331763228136285,0.2333515582285402,0.3331763228136285,0.2626578831430583,0.19511932872322482
1379,13,GTB,7615,1996,0.6701388888888888,0.40421627367725893,0.4053618634624221,0.40421627367725893,0.400546141282156,0.34339646181101385
1380,13,GTB,7615,1997,0.6319444444444444,0.4213504773637204,0.39338343648688473,0.4213504773637204,0.40303500238884055,0.3394711784955688
1381,13,GTB,7615,1998,0.7291666666666666,0.42937840559109214,0.43899976657329604,0.42937840559109214,0.4249425647451963,0.36736596736596744
1382,13,GTB,7615,1999,0.6388888888888888,0.40747808722092677,0.31628775813558424,0.40747808722092677,0.3426978114478114,0.25489436084511324
1383,13,GTB,7615,2000,0.6875,0.5001652682430714,0.36145738550197143,0.5001652682430714,0.40148374254445235,0.2969163312895587
1384,13,GTB,7615,2001,0.6423611111111112,0.4031517711469765,0.4024826559151502,0.4031517711469765,0.3917901664797558,0.3346490738070432
1385,13,GTB,7615,2002,0.6736111111111112,0.34743252139565506,0.27140247473075846,0.34743252139565506,0.29381602768805626,0.22295199126864887
1386,13,GTB,7615,2003,0.6284722222222222,0.41869369369369364,0.3613902109407133,0.41869369369369364,0.38252206766591046,0.2898490153996762
1387,13,GTB,7615,2004,0.5659722222222222,0.383766794034266,0.3288949726231956,0.383766794034266,0.34339881224303337,0.2583229140618488
1388,13,GTB,7615,2005,0.65625,0.456688946528332,0.4751329080276448,0.456688946528332,0.461812084628986,0.37580978881278543
1389,13,GTB,7615,2006,0.6111111111111112,0.4695398834639341,0.4383207070707071,0.4695398834639341,0.4469805126351616,0.3641030633437175
1390,13,GTB,7615,2007,0.5798611111111112,0.39307273654340696,0.2792804411124103,0.39307273654340696,0.3018155078857954,0.2123134328358209
1391,13,GTB,7615,2008,0.6493055555555556,0.4065300381756078,0.39770821421764824,0.4065300381756078,0.39827194546958555,0.3414155338693184
1392,13,GTB,7615,2009,0.6006944444444444,0.3870742517151357,0.32827319773522307,0.3870742517151357,0.34538730181085997,0.26464166177370485
1393,13,GTB,7615,2010,0.5555555555555556,0.3189103261842356,0.2866412466843501,0.27904653541120616,0.2806441012159054,0.23649175579322637
1394,13,GTB,7615,2011,0.6284722222222222,0.4751583668562445,0.3967824967824968,0.40727860016249534,0.39954686829686825,0.3297042475384013
1395,13,GTB,7615,2012,0.6527777777777778,0.4339870303725726,0.4273017679057947,0.4339870303725726,0.4277736999674185,0.35953527751408615
1396,13,GTB,7615,2013,0.6458333333333334,0.40849206349206346,0.34783022945151654,0.3501360544217687,0.3480007151648943,0.29668684738921786
1397,13,GTB,7615,2014,0.6736111111111112,0.4514593193599279,0.41537001897533204,0.4514593193599279,0.42773434325374254,0.36304713804713806
1398,13,GTB,7615,2015,0.6736111111111112,0.45681516546216105,0.37683538801959854,0.45681516546216105,0.40473693319487714,0.31567676444496157
1399,13,GTB,7615,2016,0.6041666666666666,0.43530186733875587,0.31333466115620173,0.3731158862903622,0.32826380093802376,0.23427847960376205
1400,13,GTB,7615,2017,0.6423611111111112,0.421598503835346,0.42208480876627386,0.421598503835346,0.4205642462255497,0.3523109243697479
1401,13,GTB,7615,2018,0.5763888888888888,0.41077474828477234,0.3048882822768173,0.41077474828477234,0.34053922584507695,0.24478981166693647
1402,13,GTB,7615,2019,0.6145833333333334,0.44253766613962875,0.3867512833030074,0.37931799954825324,0.37973347797668017,0.3095523391089893
1403,13,GTB,7615,2020,0.6388888888888888,0.46271368745306196,0.4058384196765584,0.3966117321026245,0.38937527304499786,0.316794204989209
1404,13,GTB,7615,2021,0.6006944444444444,0.3871784891521734,0.32702499074180486,0.3871784891521734,0.3494855393362856,0.26895805571419507
1405,13,GTB,7615,2022,0.6076388888888888,0.4580596060859219,0.4232287635894601,0.4580596060859219,0.4144130946362184,0.30547307335759893
1406,13,GTB,777,1985,,,,,,
1407,13,GTB,777,1986,,,,,,
1408,13,GTB,777,1987,,,,,,
1409,13,GTB,777,1988,,,,,,
1410,13,GTB,777,1989,,,,,,
1411,13,GTB,777,1990,,,,,,
1412,13,GTB,777,1991,,,,,,
1413,13,GTB,777,1992,,,,,,
1414,13,GTB,777,1993,,,,,,
1415,13,GTB,777,1994,,,,,,
1416,13,GTB,777,1995,,,,,,
1417,13,GTB,777,1996,,,,,,
1418,13,GTB,777,1997,,,,,,
1419,13,GTB,777,1998,,,,,,
1420,13,GTB,777,1999,,,,,,
1421,13,GTB,777,2000,,,,,,
1422,13,GTB,777,2001,,,,,,
1423,13,GTB,777,2002,,,,,,
1424,13,GTB,777,2003,,,,,,
1425,13,GTB,777,2004,,,,,,
1426,13,GTB,777,2005,,,,,,
1427,13,GTB,777,2006,,,,,,
1428,13,GTB,777,2007,,,,,,
1429,13,GTB,777,2008,,,,,,
1430,13,GTB,777,2009,,,,,,
1431,13,GTB,777,2010,,,,,,
1432,13,GTB,777,2011,,,,,,
1433,13,GTB,777,2012,,,,,,
1434,13,GTB,777,2013,,,,,,
1435,13,GTB,777,2014,,,,,,
1436,13,GTB,777,2015,,,,,,
1437,13,GTB,777,2016,,,,,,
1438,13,GTB,777,2017,,,,,,
1439,13,GTB,777,2018,,,,,,
1440,13,GTB,777,2019,,,,,,
1441,13,GTB,777,2020,,,,,,
1442,13,GTB,777,2021,,,,,,
1443,13,GTB,777,2022,,,,,,
1444,13,GTB,778,1985,,,,,,
1445,13,GTB,778,1986,,,,,,
1446,13,GTB,778,1987,,,,,,
1447,13,GTB,778,1988,,,,,,
1448,13,GTB,778,1989,,,,,,
1449,13,GTB,778,1990,,,,,,
1450,13,GTB,778,1991,,,,,,
1451,13,GTB,778,1992,,,,,,
1452,13,GTB,778,1993,,,,,,
1453,13,GTB,778,1994,,,,,,
1454,13,GTB,778,1995,,,,,,
1455,13,GTB,778,1996,,,,,,
1456,13,GTB,778,1997,,,,,,
1457,13,GTB,778,1998,,,,,,
1458,13,GTB,778,1999,,,,,,
1459,13,GTB,778,2000,,,,,,
1460,13,GTB,778,2001,,,,,,
1461,13,GTB,778,2002,,,,,,
1462,13,GTB,778,2003,,,,,,
1463,13,GTB,778,2004,,,,,,
1464,13,GTB,778,2005,,,,,,
1465,13,GTB,778,2006,,,,,,
1466,13,GTB,778,2007,,,,,,
1467,13,GTB,778,2008,,,,,,
1468,13,GTB,778,2009,,,,,,
1469,13,GTB,778,2010,,,,,,
1470,13,GTB,778,2011,,,,,,
1471,13,GTB,778,2012,,,,,,
1472,13,GTB,778,2013,,,,,,
1473,13,GTB,778,2014,,,,,,
1474,13,GTB,778,2015,,,,,,
1475,13,GTB,778,2016,,,,,,
1476,13,GTB,778,2017,,,,,,
1477,13,GTB,778,2018,,,,,,
1478,13,GTB,778,2019,,,,,,
1479,13,GTB,778,2020,,,,,,
1480,13,GTB,778,2021,,,,,,
1481,13,GTB,778,2022,,,,,,
1482,13,GTB,7616,1985,0.40875912408759124,0.3087254901960784,0.2203030303030303,0.20581699346405227,0.18483253173881017,0.12309239063625028
1483,13,GTB,7616,1986,0.7664233576642335,0.6109345794392523,0.44525019936204147,0.6109345794392523,0.4502172442377872,0.3522666260357262
1484,13,GTB,7616,1987,0.7664233576642335,0.6907811238029306,0.41612293956043955,0.5180858428521979,0.4240526399238941,0.32894144144144144
1485,13,GTB,7616,1988,0.708029197080292,0.7830852659513096,0.41933511825078096,0.5873139494634821,0.41361041492620443,0.3152188471657498
1486,13,GTB,7616,1989,0.5985401459854015,0.5019037729318103,0.2697142857142857,0.3011422637590862,0.2561148528890464,0.18503029808972585
1487,13,GTB,7616,1990,0.7007299270072993,0.40956959706959706,0.21753072196620585,0.23403976975405547,0.2119262335515064,0.16200758306021465
1488,13,GTB,7616,1991,0.7956204379562044,0.8153846153846155,0.604875283446712,0.8153846153846155,0.6342886920270975,0.494489428699955
1489,13,GTB,7616,1992,0.6788321167883211,0.5008547008547009,0.49426416280348856,0.5008547008547009,0.4531731742737639,0.3478929624947324
1490,13,GTB,7616,1993,0.7956204379562044,0.5025502550255025,0.5376756066411238,0.5025502550255025,0.5191397849462366,0.432636469221835
1491,13,GTB,7616,1994,0.7299270072992701,0.6748674867486749,0.4135767790262172,0.5061506150615062,0.41424394319131164,0.31713247338247336
1492,13,GTB,7616,1995,0.7299270072992701,0.7171241830065359,0.4139254385964912,0.537843137254902,0.4297487065779749,0.3276098901098901
1493,13,GTB,7616,1996,0.708029197080292,0.45589225589225585,0.503921568627451,0.45589225589225585,0.47826086956521746,0.38040123456790126
1494,13,GTB,7616,1997,0.656934306569343,0.6386999244142101,0.3825449912406434,0.4790249433106576,0.37248842706589186,0.27627995642701525
1495,13,GTB,7616,1998,0.7299270072992701,0.5884353741496599,0.5401024363233665,0.5884353741496599,0.5321789624090846,0.41808908264110295
1496,13,GTB,7616,1999,0.708029197080292,0.5697931697931699,0.5063685636856369,0.5697931697931699,0.5051524452629425,0.38850221802704504
1497,13,GTB,7616,2000,0.7007299270072993,0.6926406926406927,0.539216944801027,0.6926406926406927,0.5401264029639316,0.41212585663196094
1498,13,GTB,7616,2001,0.7445255474452555,0.6112554112554113,0.5358333885465668,0.6112554112554113,0.5416666666666666,0.42698412698412697
1499,13,GTB,7616,2002,0.7007299270072993,0.671437908496732,0.537039934630296,0.671437908496732,0.5304488486529103,0.4036890645586298
1500,13,GTB,7616,2003,0.7445255474452555,0.570718954248366,0.3952826626389039,0.4280392156862745,0.3909455128205128,0.3062911725955204
1501,13,GTB,7616,2004,0.708029197080292,0.6853685368536854,0.40311653116531165,0.514026402640264,0.40649288938668837,0.3092461569785198
1502,13,GTB,7616,2005,0.6715328467153284,0.7494749474947495,0.3955470927917164,0.5621062106210621,0.3912355006105006,0.28898599686643167
1503,13,GTB,7616,2006,0.7299270072992701,0.7224722472247226,0.5487253487253487,0.7224722472247226,0.5659592176446108,0.4347484276729559
1504,13,GTB,7616,2007,0.7226277372262774,0.5773577357735773,0.5434863937279396,0.5773577357735773,0.5198135198135199,0.41333333333333333
1505,13,GTB,7616,2008,0.6861313868613139,0.6550655065506551,0.514245833866087,0.6550655065506551,0.5072785829307569,0.38306650413111204
1506,13,GTB,7616,2009,0.6934306569343066,0.7865786578657866,0.4132478632478633,0.5899339933993399,0.4336392773892774,0.3210009330292349
1507,13,GTB,7616,2010,0.583941605839416,0.6156615661566156,0.3780340720639228,0.4617461746174617,0.3575465838509317,0.25559812857949504
1508,13,GTB,7616,2011,0.6642335766423357,0.41198752228163993,0.2974493927125506,0.32959001782531194,0.2899901744043233,0.2192216280451574
1509,13,GTB,7616,2012,0.6861313868613139,0.4457912457912458,0.3872093023255814,0.33434343434343433,0.35883575883575886,0.28226461038961037
1510,13,GTB,7616,2013,0.7007299270072993,0.5689720332577476,0.40887051022940823,0.42672902494331066,0.3885088781275222,0.3046385621778776
1511,13,GTB,7616,2014,0.7445255474452555,0.697089947089947,0.5556011676701332,0.697089947089947,0.56887181298946,0.43856135046611233
1512,13,GTB,7616,2015,0.7883211678832117,0.7409297052154195,0.4530642968142968,0.5556972789115646,0.4756989247311828,0.37520443925233643
1513,13,GTB,7616,2016,0.7007299270072993,0.6708238851095993,0.4014967499144715,0.5031179138321995,0.39755302288488914,0.30308123249299723
1514,13,GTB,7616,2017,0.7664233576642335,0.7131519274376417,0.5787933150788405,0.7131519274376417,0.5886427298192004,0.46218464841653245
1515,13,GTB,7616,2018,0.6277372262773723,0.642668178382464,0.3781010452961673,0.48200113378684806,0.3666125541125541,0.268235615198232
1516,13,GTB,7616,2019,0.7153284671532847,0.6659108087679516,0.5382019115890083,0.6659108087679516,0.53868395982016,0.40725013409619165
1517,13,GTB,7616,2020,0.6715328467153284,0.786916786916787,0.40069536210397394,0.5901875901875903,0.4107380999537862,0.30202422329408424
1518,13,GTB,7616,2021,0.7007299270072993,0.7792156862745099,0.5332548326955157,0.7792156862745099,0.5610857175102985,0.4159657320872274
1519,13,GTB,7616,2022,0.656934306569343,0.6416546416546416,0.37114153961980045,0.4812409812409812,0.3833052749719416,0.27783615898369995
1520,13,GTB,7617,1985,0.7162162162162162,0.4108972366475873,0.3294107467335814,0.2934980261768481,0.3093552473189619,0.26148086148086147
1521,13,GTB,7617,1986,0.7522522522522522,0.40794374318217236,0.3709677419354838,0.40794374318217236,0.36859872825552226,0.3161633041337281
1522,13,GTB,7617,1987,0.7882882882882883,0.5908508158508159,0.5586431478968793,0.5908508158508159,0.5549815028157223,0.4555251905558654
1523,13,GTB,7617,1988,0.7792792792792793,0.5025022137887414,0.48315647568608566,0.5025022137887414,0.4798863051596616,0.39433302776014856
1524,13,GTB,7617,1989,0.7567567567567568,0.4836714483773307,0.6429262086513995,0.4836714483773307,0.483598462832772,0.3974571107904441
1525,13,GTB,7617,1990,0.7657657657657657,0.5000519480519481,0.45353779930051114,0.5000519480519481,0.45401069518716575,0.39937626123647035
1526,13,GTB,7617,1991,0.7882882882882883,0.503411306042885,0.46287407407407405,0.503411306042885,0.4691625440121229,0.41400144344777806
1527,13,GTB,7617,1992,0.8558558558558559,0.5109649122807017,0.4961734693877551,0.5109649122807017,0.502635904994048,0.4524390243902439
1528,13,GTB,7617,1993,0.7882882882882883,0.5125680580762251,0.46157437437437443,0.5125680580762251,0.4742408865304781,0.4121058558558558
1529,13,GTB,7617,1994,0.8108108108108109,0.5079854809437386,0.4578372078372078,0.5079854809437386,0.4727960354720918,0.41418918918918923
1530,13,GTB,7617,1995,0.7747747747747747,0.46021404932208815,0.4486621231776026,0.46021404932208815,0.44461531889444234,0.37372934697088905
1531,13,GTB,7617,1996,0.7207207207207207,0.47790914914059995,0.3821991634491635,0.3982576242838333,0.36654479337692614,0.3042618157829848
1532,13,GTB,7617,1997,0.8333333333333334,0.49642857142857144,0.46545843045843044,0.49642857142857144,0.47752208164239673,0.4253086419753086
1533,13,GTB,7617,1998,0.8198198198198198,0.47507519655498653,0.4723809523809524,0.47507519655498653,0.4726411369917095,0.41645021645021646
1534,13,GTB,7617,1999,0.7702702702702703,0.46095312297104274,0.38057686842853083,0.3841276024758689,0.37471067326830004,0.31539368660756817
1535,13,GTB,7617,2000,0.7972972972972973,0.48335800545383717,0.4608533716081794,0.48335800545383717,0.46266230915565093,0.3976610729501783
1536,13,GTB,7617,2001,0.7657657657657657,0.6183655913978494,0.6515068029030475,0.6183655913978494,0.6093391617910692,0.5061152930579682
1537,13,GTB,7617,2002,0.8468468468468469,0.5100932849106317,0.4835640802092415,0.5100932849106317,0.495377149191349,0.43180881350495215
1538,13,GTB,7617,2003,0.8288288288288288,0.47317239906002995,0.37831541218637993,0.39431033255002496,0.385491040264425,0.3268717728055078
1539,13,GTB,7617,2004,0.8423423423423423,0.5071934231559717,0.47663622526636223,0.5071934231559717,0.48974051353702397,0.4358062330623306
1540,13,GTB,7617,2005,0.8018018018018018,0.4973333333333333,0.45645790654570284,0.4973333333333333,0.46918796731003304,0.4128132459921483
1541,13,GTB,7617,2006,0.8333333333333334,0.496,0.46380457380457385,0.496,0.47750636545858394,0.42239511369946153
1542,13,GTB,7617,2007,0.8288288288288288,0.516,0.4676205617382088,0.516,0.48488733488733493,0.42750904543357376
1543,13,GTB,7617,2008,0.8468468468468469,0.5961904761904762,0.6825641025641025,0.5961904761904762,0.6203201384382436,0.528126159554731
1544,13,GTB,7617,2009,0.8198198198198198,0.492,0.4586842080830401,0.492,0.4725652239157931,0.415395926080033
1545,13,GTB,7617,2010,0.8153153153153153,0.5091157640800421,0.471651350598719,0.5091157640800421,0.48122326821570444,0.4254412879892667
1546,13,GTB,7617,2011,0.7792792792792793,0.48963350137630285,0.46045725108225105,0.48963350137630285,0.46437953246778607,0.3980804507337526
1547,13,GTB,7617,2012,0.8198198198198198,0.4907580490520521,0.4720982030881601,0.4907580490520521,0.4791277877043214,0.41853861884536736
1548,13,GTB,7617,2013,0.7927927927927928,0.46010701141248883,0.38680748278343097,0.38342250951040735,0.3804191856993581,0.3243801820430173
1549,13,GTB,7617,2014,0.7792792792792793,0.4461953822446926,0.44894069397226277,0.4461953822446926,0.4431964791704347,0.37468233336799417
1550,13,GTB,7617,2015,0.7747747747747747,0.46065977484303955,0.37970540098199673,0.38388314570253296,0.3745741587037806,0.3163755000645245
1551,13,GTB,7617,2016,0.8063063063063063,0.5279569892473118,0.6508994708994709,0.5279569892473118,0.5524137931034483,0.44848484848484843
1552,13,GTB,7617,2017,0.7702702702702703,0.5123870967741936,0.460239651416122,0.42698924731182797,0.4319559922734526,0.3449119056872652
1553,13,GTB,7617,2018,0.7657657657657657,0.4716363636363637,0.4543010752688172,0.4716363636363637,0.44728337958680237,0.3768040654997177
1554,13,GTB,7617,2019,0.7342342342342343,0.4616969696969697,0.45346930193439866,0.4616969696969697,0.4453525469279408,0.37271749338342014
1555,13,GTB,7617,2020,0.8108108108108109,0.4975686274509804,0.4647040998217468,0.4975686274509804,0.47366715374178064,0.4137920112080649
1556,13,GTB,7617,2021,0.7702702702702703,0.45352380952380955,0.3721196955479095,0.37793650793650796,0.3712479308067204,0.3203193727290113
1557,13,GTB,7617,2022,0.8108108108108109,0.6985225225225226,0.5413110698824984,0.6985225225225226,0.5788864948978065,0.4855488383119962
1558,13,GTB,7618,1985,0.45054945054945056,0.19274774774774778,0.2845469838981014,0.16062312312312313,0.20500246730816682,0.1495999483804362
1559,13,GTB,7618,1986,0.7802197802197802,0.3109444444444444,0.23893950979142772,0.2665238095238095,0.24841024667013015,0.199855238538103
1560,13,GTB,7618,1987,0.8461538461538461,0.4170358974358974,0.3643401759530792,0.4170358974358974,0.37610704338587875,0.3213062594006711
1561,13,GTB,7618,1988,0.7747252747252747,0.32032866707242846,0.2827822762033288,0.2669405558936904,0.27357788410419986,0.23260619977037886
1562,13,GTB,7618,1989,0.7747252747252747,0.3805686737504919,0.28847117794486216,0.31714056145874325,0.28506301957629393,0.235640457733481
1563,13,GTB,7618,1990,0.8296703296703297,0.33509127789046655,0.28896658896658894,0.27924273157538876,0.28399830008499577,0.2480156469560594
1564,13,GTB,7618,1991,0.8571428571428571,0.34702984642132717,0.3562901744719927,0.34702984642132717,0.3514285714285714,0.31363636363636366
1565,13,GTB,7618,1992,0.7912087912087912,0.3751412429378531,0.296459798436083,0.3126177024482109,0.2884661814516602,0.23729657687991024
1566,13,GTB,7618,1993,0.8406593406593407,0.40801771245524776,0.37153000458085206,0.40801771245524776,0.374640234948605,0.3224292615596963
1567,13,GTB,7618,1994,0.7912087912087912,0.3899749373433584,0.29893031893996214,0.32497911445279865,0.2949450987085396,0.24842760347621154
1568,13,GTB,7618,1995,0.8021978021978022,0.3991941391941392,0.25722303747295805,0.2851386708529566,0.2580176998335566,0.21764496938015712
1569,13,GTB,7618,1996,0.7857142857142857,0.33282967032967037,0.2890578413834228,0.2773580586080586,0.27959077959077955,0.24077178278330713
1570,13,GTB,7618,1997,0.8516483516483516,0.34416724416724415,0.2774426584793209,0.295000495000495,0.28380102040816324,0.23986264078429972
1571,13,GTB,7618,1998,0.7692307692307693,0.3781501831501831,0.287848035389019,0.3151251526251526,0.28639699607441543,0.23397476384970595
1572,13,GTB,7618,1999,0.7747252747252747,0.3189285714285714,0.2791848836624956,0.2657738095238095,0.2719134472688975,0.22991803278688527
1573,13,GTB,7618,2000,0.7912087912087912,0.4463003663003663,0.3069527861194528,0.37191697191697193,0.30743701776202575,0.2506149261559871
1574,13,GTB,7618,2001,0.8131868131868132,0.39541359541359544,0.30721944515047966,0.3295113295113295,0.3062371126887256,0.25786279920138183
1575,13,GTB,7618,2002,0.8021978021978022,0.38935298935298934,0.3594267801164353,0.38935298935298934,0.3567654357028171,0.2984287859287859
1576,13,GTB,7618,2003,0.7692307692307693,0.30999180999181003,0.23796700685659974,0.22142272142272143,0.22931585845347313,0.19236630036630034
1577,13,GTB,7618,2004,0.8131868131868132,0.4578214578214578,0.37553067622033137,0.4578214578214578,0.3821048022186542,0.3154018018018018
1578,13,GTB,7618,2005,0.7472527472527473,0.375020475020475,0.27906908233907796,0.3125170625170625,0.2796037679660193,0.22453895778669838
1579,13,GTB,7618,2006,0.8131868131868132,0.4578214578214578,0.3126780626780627,0.38151788151788146,0.3200605204029861,0.2635399474295495
1580,13,GTB,7618,2007,0.8131868131868132,0.3966420966420966,0.2995656637447682,0.3305350805350805,0.30567158637334074,0.2539834823646299
1581,13,GTB,7618,2008,0.7967032967032966,0.4573300573300574,0.3079695318501288,0.38110838110838113,0.3158238734090127,0.2587358045355744
1582,13,GTB,7618,2009,0.7802197802197802,0.45438165438165445,0.30323715524176603,0.3786513786513787,0.30751740917862236,0.2513919147906076
1583,13,GTB,7618,2010,0.8076923076923077,0.32874692874692873,0.24242235120347835,0.2348192348192348,0.23854827343199436,0.20504638218923935
1584,13,GTB,7618,2011,0.7362637362637363,0.3004095004095004,0.23085893698138596,0.21457821457821455,0.2222558478082785,0.18250003498313813
1585,13,GTB,7618,2012,0.7472527472527473,0.30328358208955225,0.35054545454545455,0.30328358208955225,0.3249960967993755,0.27399202481169693
1586,13,GTB,7618,2013,0.8076923076923077,0.39163274536408865,0.35807593307593305,0.39163274536408865,0.3652324146441794,0.2999075748442837
1587,13,GTB,7618,2014,0.7747252747252747,0.44090456806874717,0.30403319986653315,0.3674204733906226,0.30332750090701116,0.244326748088718
1588,13,GTB,7618,2015,0.7802197802197802,0.37203980099502487,0.34775910364145657,0.37203980099502487,0.3419653122147386,0.27711972238288024
1589,13,GTB,7618,2016,0.7912087912087912,0.3803437358661239,0.30158505709976297,0.31695311322176994,0.2911638529285588,0.243128094208123
1590,13,GTB,7618,2017,0.7582417582417582,0.3678269472926785,0.2846653671215075,0.3065224560772321,0.2798395630653695,0.22622058823529412
1591,13,GTB,7618,2018,0.8076923076923077,0.33167835941716134,0.2797946461312798,0.27639863284763444,0.2777777777777778,0.23856209150326793
1592,13,GTB,7618,2019,0.7912087912087912,0.4491994963122864,0.30593262946204125,0.374332913593572,0.307516627543036,0.25207788844152484
1593,13,GTB,7618,2020,0.7582417582417582,0.43542673107890495,0.25621746674378254,0.3110190936277893,0.25341594613831814,0.20358029067706487
1594,13,GTB,7618,2021,0.7912087912087912,0.3827697262479871,0.29496569814366425,0.3189747718733226,0.2956694347319347,0.24160304065367355
1595,13,GTB,7618,2022,0.7637362637362637,0.2602849551035367,0.23380171740827477,0.22310139008874577,0.22812846068660025,0.19035714285714286
1596,13,GTB,7619,1985,0.13812154696132597,0.04171525753158406,0.26102941176470584,0.03650085034013605,0.06297101689850934,0.03530200433369447
1597,13,GTB,7619,1986,0.8038674033149171,0.4677584919746174,0.35661410688493017,0.4677584919746174,0.3873909708320081,0.3066348303190408
1598,13,GTB,7619,1987,0.8176795580110497,0.475327812284334,0.3110299379770992,0.35649585921325055,0.32743026080847704,0.27648512989133567
1599,13,GTB,7619,1988,0.7596685082872928,0.40973659995399125,0.26954635998952314,0.30730244996549344,0.2798483151786623,0.21886663241626758
1600,13,GTB,7619,1989,0.7900552486187845,0.3665458937198068,0.248431660500626,0.2749094202898551,0.25190750833995185,0.19829887918902403
1601,13,GTB,7619,1990,0.7983425414364641,0.4803025074764205,0.3086608734463865,0.4116878635512176,0.33188880280449845,0.2617472110234332
1602,13,GTB,7619,1991,0.7817679558011049,0.4781155303030303,0.29782903203955835,0.4098133116883117,0.3260364118785394,0.2581490863144274
1603,13,GTB,7619,1992,0.7817679558011049,0.4502025752025752,0.3483366049155523,0.4502025752025752,0.36660878264703656,0.28597386834213906
1604,13,GTB,7619,1993,0.7790055248618785,0.4347424963096605,0.2985125084516565,0.37263642540828046,0.3123559773559773,0.24956262165883306
1605,13,GTB,7619,1994,0.7734806629834254,0.47471344551636524,0.25966487366661595,0.3560350841372739,0.2747922848200838,0.21608752239140172
1606,13,GTB,7619,1995,0.7845303867403315,0.47407925407925405,0.29576497318432804,0.35555944055944055,0.31701758220989923,0.2611076148755987
1607,13,GTB,7619,1996,0.7679558011049724,0.46199716648086214,0.3299025821596244,0.3464978748606466,0.333381041474469,0.29265858103791664
1608,13,GTB,7619,1997,0.7790055248618785,0.4643704391325649,0.35228043370458223,0.4643704391325649,0.38023194599281557,0.29401455026455026
1609,13,GTB,7619,1998,0.8204419889502762,0.348218848808541,0.2652777777777778,0.30469149270747337,0.2749896732203936,0.22148283530414403
1610,13,GTB,7619,1999,0.7845303867403315,0.4873168498168498,0.33670220829753905,0.36548763736263734,0.34377909683426444,0.29930309564146
1611,13,GTB,7619,2000,0.7596685082872928,0.40576606344627775,0.23407985883085486,0.31559582712488266,0.24164508331175,0.1871366312578805
1612,13,GTB,7619,2001,0.7928176795580111,0.47204866379848975,0.30120294398861536,0.35403649784886726,0.31744834717620873,0.25981734673595136
1613,13,GTB,7619,2002,0.7900552486187845,0.38693759632492525,0.3413386090805446,0.2902031972436939,0.300740696326498,0.24187879132750206
1614,13,GTB,7619,2003,0.7762430939226519,0.4708511106747357,0.32672547411598024,0.40358666629263057,0.35403860375069585,0.2882849135658592
1615,13,GTB,7619,2004,0.7928176795580111,0.49471291453189803,0.27108653846153846,0.3710346858989235,0.29636011273676555,0.23349828357268831
1616,13,GTB,7619,2005,0.7099447513812155,0.4241987454983845,0.2322984810120316,0.3181490591237883,0.24292334191178122,0.18202380952380953
1617,13,GTB,7619,2006,0.7320441988950276,0.4229689283840908,0.22551825519313898,0.3172266962880681,0.2411431418869039,0.18472219754709496
1618,13,GTB,7619,2007,0.7596685082872928,0.4261027902243962,0.23122719860988727,0.31957709266829715,0.2486394423360742,0.19333755227823024
1619,13,GTB,7619,2008,0.7486187845303868,0.4429029304029304,0.2847242223502304,0.3321771978021978,0.3003024193548387,0.24489648688752905
1620,13,GTB,7619,2009,0.7596685082872928,0.4362351310018982,0.25152078932206645,0.32717634825142367,0.26962841986569336,0.2102092987333951
1621,13,GTB,7619,2010,0.7375690607734806,0.4806338551987195,0.2840573479946302,0.4119718758846167,0.3168351179916007,0.23983969825553983
1622,13,GTB,7619,2011,0.7044198895027625,0.37078029883785274,0.21524524214168694,0.28838467687388547,0.22340281526032163,0.16695496810238702
1623,13,GTB,7619,2012,0.6850828729281768,0.3230046235964082,0.24492731091384146,0.24225346769730616,0.237436844764431,0.1806099817329519
1624,13,GTB,7619,2013,0.7624309392265194,0.3570308218322659,0.3279984415862378,0.2677731163741994,0.2842097601778124,0.22505859972522946
1625,13,GTB,7619,2014,0.7182320441988951,0.3412724125720516,0.22884626338573708,0.2559543094290387,0.23694449688258828,0.17685629462703195
1626,13,GTB,7619,2015,0.7430939226519337,0.39760670536843823,0.38372295932670797,0.3408057474586613,0.33399718226538255,0.2591687406669985
1627,13,GTB,7619,2016,0.7458563535911602,0.4239335340418373,0.2853786816269285,0.317950150531378,0.29518966908797417,0.242470111098297
1628,13,GTB,7619,2017,0.7955801104972375,0.29378229739240574,0.24363032426711143,0.2518133977649192,0.24458447450710197,0.20408730158730157
1629,13,GTB,7619,2018,0.7569060773480663,0.36195890618273285,0.28382222602516805,0.310250491013771,0.2902903350019253,0.2256316901531423
1630,13,GTB,7619,2019,0.7099447513812155,0.2649109815174797,0.19464969532116644,0.1986832361381098,0.19181640967464073,0.15161058021327162
1631,13,GTB,7619,2020,0.7292817679558011,0.35077297963118337,0.22572337257169356,0.2630797347233875,0.2295747976042033,0.17371805858415656
1632,13,GTB,7619,2021,0.7458563535911602,0.4311488774241153,0.27097236265588137,0.3233616580680865,0.29049027452829934,0.2330386306586149
1633,13,GTB,7619,2022,0.7209944751381215,0.44006283806701535,0.24469076005961252,0.3300471285502615,0.26528532277385475,0.20127659794667993
